#  N   trapezoid     Simpsons      Gauss  
#-----------------------------------------
   3  2.074703e-02  3.370836e-04  4.859405e-07
   5  5.202893e-03  2.148437e-05  1.447470e-08
   7  2.313751e-03  4.228717e-06  7.981846e-08
   9  1.301703e-03  1.305630e-06  1.447470e-08
  11  8.331599e-04  5.512843e-07  1.447470e-08
  13  5.785684e-04  2.684048e-07  1.087679e-07
  15  4.252477e-04  1.741116e-07  7.981846e-08
  17  3.254855e-04  7.981846e-08  1.447470e-08
  19  2.572173e-04  7.981846e-08  1.087679e-07
  21  2.081848e-04  1.741116e-07  1.087679e-07
  23  1.720705e-04  7.981846e-08  1.087679e-07
  25  1.447255e-04  1.447470e-08  1.087679e-07
  27  1.233210e-04  7.981846e-08  1.447470e-08
  29  1.064425e-04  1.447470e-08  1.087679e-07
  31  9.248711e-05  2.684048e-07  1.741116e-07
  33  8.136052e-05  1.087679e-07  7.981846e-08
  35  7.193121e-05  1.447470e-08  7.981846e-08
  37  6.410487e-05  2.684048e-07  1.447470e-08
  39  5.769294e-05  7.981846e-08  1.447470e-08
  41  5.212964e-05  1.447470e-08  1.087679e-07
  43  4.732069e-05  7.981846e-08  7.981846e-08
  45  4.298321e-05  1.087679e-07  2.030610e-07
  47  3.930577e-05  1.447470e-08  1.447470e-08
  49  3.628839e-05  7.981846e-08  1.087679e-07
  51  3.355389e-05  7.981846e-08  7.981846e-08
  53  3.072510e-05  1.741116e-07  1.447470e-08
  55  2.883923e-05  1.087679e-07  7.981846e-08
  57  2.685908e-05  1.087679e-07  1.447470e-08
  59  2.469033e-05  1.447470e-08  1.447470e-08
  61  2.299306e-05  1.741116e-07  1.447470e-08
  63  2.205012e-05  1.087679e-07  1.087679e-07
  65  2.063573e-05  1.447470e-08  7.981846e-08
  67  1.912704e-05  1.087679e-07  1.087679e-07
  69  1.808981e-05  1.087679e-07  2.030610e-07
  71  1.686400e-05  2.684048e-07  1.447470e-08
  73  1.610966e-05  1.087679e-07  7.981846e-08
  75  1.526102e-05  7.981846e-08  7.981846e-08
  77  1.450667e-05  1.087679e-07  2.684048e-07
  79  1.365803e-05  1.741116e-07  1.087679e-07
  81  1.299798e-05  7.981846e-08  1.741116e-07
  83  1.233793e-05  1.087679e-07  1.087679e-07
  85  1.167788e-05  1.087679e-07  1.741116e-07
  87  1.158358e-05  7.981846e-08  2.030610e-07
  89  1.092353e-05  1.741116e-07  1.087679e-07
  91  1.016919e-05  2.030610e-07  7.981846e-08
  93  1.016919e-05  1.741116e-07  2.684048e-07
  95  9.603428e-06  1.087679e-07  1.447470e-08
  97  9.226255e-06  1.741116e-07  1.087679e-07
  99  8.471910e-06  1.087679e-07  7.981846e-08
 101  8.189030e-06  7.981846e-08  7.981846e-08
 103  7.906151e-06  7.981846e-08  3.626979e-07
 105  7.717564e-06  2.684048e-07  3.626979e-07
 107  7.528978e-06  1.087679e-07  1.087679e-07
 109  6.868926e-06  1.741116e-07  3.626979e-07
 111  7.246099e-06  3.916473e-07  1.447470e-08
 113  6.680340e-06  4.569911e-07  7.981846e-08
 115  6.586046e-06  1.447470e-08  7.981846e-08
 117  6.208874e-06  2.030610e-07  1.741116e-07
 119  5.643115e-06  1.447470e-08  1.087679e-07
 121  6.114581e-06  1.447470e-08  1.087679e-07
 123  5.831701e-06  7.981846e-08  2.030610e-07
 125  5.077356e-06  2.684048e-07  1.087679e-07
 127  5.077356e-06  1.087679e-07  7.981846e-08
 129  4.983063e-06  1.447470e-08  1.447470e-08
 131  4.417304e-06  2.973542e-07  7.981846e-08
 133  4.794476e-06  1.087679e-07  3.626979e-07
 135  4.605890e-06  2.684048e-07  7.981846e-08
 137  4.417304e-06  7.981846e-08  7.981846e-08
 139  4.700183e-06  1.741116e-07  1.447470e-08
 141  4.134424e-06  3.916473e-07  2.030610e-07
 143  4.228717e-06  7.981846e-08  1.447470e-08
 145  4.040131e-06  1.741116e-07  1.087679e-07
 147  3.662959e-06  3.916473e-07  2.684048e-07
 149  3.851545e-06  1.087679e-07  7.981846e-08
 151  3.474372e-06  2.684048e-07  2.030610e-07
 153  3.380079e-06  1.087679e-07  3.626979e-07
 155  3.474372e-06  1.447470e-08  2.684048e-07
 157  3.380079e-06  3.626979e-07  1.447470e-08
 159  3.568665e-06  2.684048e-07  1.447470e-08
 161  2.908613e-06  1.447470e-08  2.684048e-07
 163  3.285786e-06  2.973542e-07  3.916473e-07
 165  2.814320e-06  1.087679e-07  2.973542e-07
 167  2.531441e-06  5.802337e-07  7.981846e-08
 169  3.002906e-06  2.973542e-07  2.030610e-07
 171  3.002906e-06  1.087679e-07  2.684048e-07
 173  2.908613e-06  3.916473e-07  7.981846e-08
 175  2.531441e-06  7.981846e-08  1.447470e-08
 177  2.531441e-06  2.684048e-07  4.859405e-07
 179  2.437147e-06  7.981846e-08  7.981846e-08
 181  2.720027e-06  3.626979e-07  1.087679e-07
 183  2.531441e-06  1.087679e-07  2.973542e-07
 185  2.625734e-06  1.741116e-07  1.447470e-08
 187  2.720027e-06  1.741116e-07  2.684048e-07
 189  2.437147e-06  4.859405e-07  1.447470e-08
 191  2.342854e-06  2.030610e-07  1.741116e-07
 193  2.154268e-06  3.626979e-07  2.684048e-07
 195  1.871388e-06  1.087679e-07  1.741116e-07
 197  2.342854e-06  1.447470e-08  5.512843e-07
 199  1.965682e-06  1.087679e-07  1.447470e-08
 201  1.399923e-06  2.030610e-07  2.030610e-07
 203  1.777095e-06  3.916473e-07  1.741116e-07
 205  2.154268e-06  4.569911e-07  2.030610e-07
 207  2.248561e-06  1.447470e-08  3.626979e-07
 209  1.682802e-06  1.447470e-08  1.741116e-07
 211  2.248561e-06  2.973542e-07  1.087679e-07
 213  2.342854e-06  2.030610e-07  7.981846e-08
 215  1.965682e-06  3.916473e-07  2.030610e-07
 217  1.777095e-06  3.626979e-07  2.973542e-07
 219  1.305630e-06  1.741116e-07  1.447470e-08
 221  1.588509e-06  7.981846e-08  4.569911e-07
 223  1.305630e-06  1.447470e-08  1.447470e-08
 225  1.682802e-06  4.569911e-07  4.859405e-07
 227  1.965682e-06  2.973542e-07  1.087679e-07
 229  1.588509e-06  2.973542e-07  3.626979e-07
 231  1.305630e-06  1.447470e-08  2.684048e-07
 233  1.682802e-06  3.626979e-07  1.087679e-07
 235  1.777095e-06  7.981846e-08  7.981846e-08
 237  1.588509e-06  1.447470e-08  1.087679e-07
 239  1.588509e-06  2.030610e-07  2.684048e-07
 241  1.494216e-06  2.030610e-07  5.512843e-07
 243  1.211336e-06  1.087679e-07  4.859405e-07
 245  9.284569e-07  2.030610e-07  3.626979e-07
 247  1.117043e-06  7.688200e-07  2.030610e-07
 249  1.494216e-06  1.240286e-06  7.981846e-08
 251  1.399923e-06  2.030610e-07  1.741116e-07
 253  1.022750e-06  1.447470e-08  3.626979e-07
 255  1.494216e-06  2.030610e-07  3.626979e-07
 257  1.871388e-06  2.030610e-07  1.447470e-08
 259  1.682802e-06  1.447470e-08  7.981846e-08
 261  1.211336e-06  4.859405e-07  1.087679e-07
 263  1.211336e-06  3.626979e-07  2.030610e-07
 265  1.305630e-06  5.512843e-07  2.030610e-07
 267  1.777095e-06  1.447470e-08  2.973542e-07
 269  1.305630e-06  1.741116e-07  1.741116e-07
 271  1.682802e-06  2.030610e-07  2.973542e-07
 273  1.211336e-06  3.626979e-07  7.981846e-08
 275  9.284569e-07  2.030610e-07  2.684048e-07
 277  1.682802e-06  2.684048e-07  1.741116e-07
 279  8.341637e-07  1.447470e-08  3.626979e-07
 281  1.871388e-06  2.684048e-07  6.455774e-07
 283  9.284569e-07  2.030610e-07  5.512843e-07
 285  9.284569e-07  2.030610e-07  6.455774e-07
 287  7.398706e-07  1.087679e-07  7.981846e-08
 289  8.341637e-07  1.087679e-07  2.684048e-07
 291  1.022750e-06  7.981846e-08  4.569911e-07
 293  8.341637e-07  1.087679e-07  1.741116e-07
 295  1.588509e-06  4.569911e-07  1.447470e-08
 297  7.398706e-07  4.569911e-07  4.859405e-07
 299  7.398706e-07  2.684048e-07  2.030610e-07
 301  1.211336e-06  6.745268e-07  7.981846e-08
 303  5.512843e-07  1.741116e-07  1.087679e-07
 305  1.022750e-06  7.981846e-08  1.087679e-07
 307  2.684048e-07  2.973542e-07  2.684048e-07
 309  1.305630e-06  1.447470e-08  7.981846e-08
 311  6.455774e-07  2.030610e-07  2.684048e-07
 313  7.398706e-07  1.447470e-08  3.626979e-07
 315  1.777095e-06  3.916473e-07  1.447470e-08
 317  8.341637e-07  1.741116e-07  2.030610e-07
 319  6.455774e-07  2.684048e-07  4.569911e-07
 321  6.455774e-07  2.030610e-07  2.973542e-07
 323  6.455774e-07  1.087679e-07  7.981846e-08
 325  7.398706e-07  1.447470e-08  1.087679e-07
 327  7.398706e-07  2.973542e-07  1.087679e-07
 329  1.022750e-06  2.973542e-07  2.973542e-07
 331  1.022750e-06  5.802337e-07  7.981846e-08
 333  1.211336e-06  2.030610e-07  5.512843e-07
 335  4.569911e-07  2.030610e-07  6.745268e-07
 337  1.305630e-06  2.684048e-07  2.684048e-07
 339  5.512843e-07  1.741116e-07  2.030610e-07
 341  1.741116e-07  2.684048e-07  1.447470e-08
 343  9.284569e-07  3.916473e-07  1.087679e-07
 345  7.981846e-08  7.981846e-08  1.447470e-08
 347  6.455774e-07  1.087679e-07  3.626979e-07
 349  6.455774e-07  7.688200e-07  1.087679e-07
 351  3.626979e-07  2.684048e-07  3.916473e-07
 353  4.569911e-07  1.447470e-08  2.030610e-07
 355  5.512843e-07  2.030610e-07  3.916473e-07
 357  6.455774e-07  6.745268e-07  2.973542e-07
 359  9.284569e-07  2.684048e-07  7.981846e-08
 361  4.569911e-07  4.569911e-07  7.981846e-08
 363  5.512843e-07  1.087679e-07  2.973542e-07
 365  1.211336e-06  1.087679e-07  6.745268e-07
 367  4.569911e-07  7.398706e-07  2.973542e-07
 369  6.455774e-07  4.859405e-07  2.030610e-07
 371  4.569911e-07  1.741116e-07  1.022750e-06
 373  7.981846e-08  5.512843e-07  5.512843e-07
 375  2.684048e-07  5.802337e-07  2.030610e-07
 377  5.512843e-07  8.341637e-07  1.087679e-07
 379  1.087679e-07  1.447470e-08  1.447470e-08
 381  1.741116e-07  4.859405e-07  1.117043e-06
 383  5.512843e-07  1.087679e-07  1.087679e-07
 385  6.455774e-07  3.916473e-07  1.741116e-07
 387  4.569911e-07  1.741116e-07  3.626979e-07
 389  7.398706e-07  2.973542e-07  3.626979e-07
 391  7.981846e-08  5.802337e-07  4.569911e-07
 393  2.684048e-07  3.916473e-07  4.569911e-07
 395  1.022750e-06  4.569911e-07  2.684048e-07
 397  2.684048e-07  7.981846e-08  1.087679e-07
 399  1.741116e-07  2.973542e-07  3.626979e-07
 401  3.916473e-07  6.745268e-07  2.030610e-07
 403  4.569911e-07  2.030610e-07  7.981846e-08
 405  6.455774e-07  1.447470e-08  6.745268e-07
 407  3.626979e-07  1.741116e-07  7.981846e-08
 409  1.022750e-06  2.973542e-07  7.981846e-08
 411  5.512843e-07  3.626979e-07  1.447470e-08
 413  1.741116e-07  4.569911e-07  2.973542e-07
 415  5.512843e-07  7.981846e-08  6.745268e-07
 417  3.626979e-07  3.916473e-07  2.030610e-07
 419  3.626979e-07  3.916473e-07  3.626979e-07
 421  1.087679e-07  2.684048e-07  2.973542e-07
 423  1.447470e-08  6.745268e-07  3.626979e-07
 425  1.087679e-07  4.569911e-07  1.447470e-08
 427  3.626979e-07  3.626979e-07  3.626979e-07
 429  1.741116e-07  6.455774e-07  7.981846e-08
 431  7.981846e-08  3.916473e-07  3.916473e-07
 433  1.741116e-07  1.087679e-07  3.916473e-07
 435  7.398706e-07  4.569911e-07  2.030610e-07
 437  1.447470e-08  1.447470e-08  6.455774e-07
 439  7.981846e-08  1.617458e-06  4.859405e-07
 441  3.626979e-07  1.447470e-08  5.512843e-07
 443  1.447470e-08  4.859405e-07  4.859405e-07
 445  5.512843e-07  7.981846e-08  1.447470e-08
 447  5.512843e-07  2.030610e-07  1.087679e-07
 449  7.398706e-07  4.859405e-07  2.030610e-07
 451  7.398706e-07  2.030610e-07  1.741116e-07
 453  2.684048e-07  1.087679e-07  7.688200e-07
 455  2.684048e-07  2.684048e-07  2.684048e-07
 457  5.512843e-07  2.684048e-07  7.981846e-08
 459  3.626979e-07  4.859405e-07  1.087679e-07
 461  8.341637e-07  2.684048e-07  3.916473e-07
 463  7.981846e-08  7.981846e-08  4.569911e-07
 465  5.512843e-07  7.981846e-08  4.569911e-07
 467  2.684048e-07  5.512843e-07  4.569911e-07
 469  6.455774e-07  3.626979e-07  3.626979e-07
 471  4.569911e-07  1.240286e-06  5.512843e-07
 473  4.569911e-07  1.447470e-08  2.684048e-07
 475  7.981846e-08  2.030610e-07  2.973542e-07
 477  2.973542e-07  3.916473e-07  1.741116e-07
 479  1.741116e-07  2.973542e-07  6.745268e-07
 481  2.684048e-07  1.741116e-07  1.087679e-07
 483  3.626979e-07  2.030610e-07  3.916473e-07
 485  6.455774e-07  3.626979e-07  7.688200e-07
 487  1.447470e-08  1.240286e-06  1.447470e-08
 489  3.626979e-07  3.916473e-07  1.741116e-07
 491  3.916473e-07  1.051699e-06  2.030610e-07
 493  1.741116e-07  7.981846e-08  2.030610e-07
 495  4.569911e-07  2.030610e-07  1.087679e-07
 497  1.447470e-08  2.973542e-07  5.512843e-07
 499  7.981846e-08  4.859405e-07  2.684048e-07
 501  9.284569e-07  4.569911e-07  3.916473e-07
 503  1.741116e-07  7.688200e-07  4.569911e-07
 505  3.626979e-07  3.916473e-07  4.569911e-07
 507  4.569911e-07  8.341637e-07  6.455774e-07
 509  9.284569e-07  2.973542e-07  7.398706e-07
 511  1.741116e-07  3.916473e-07  1.741116e-07
 513  7.981846e-08  2.684048e-07  2.030610e-07
 515  1.087679e-07  2.030610e-07  1.087679e-07
 517  7.981846e-08  1.447470e-08  5.512843e-07
 519  4.859405e-07  3.626979e-07  4.569911e-07
 521  9.284569e-07  5.512843e-07  2.030610e-07
 523  3.626979e-07  6.455774e-07  2.030610e-07
 525  4.859405e-07  2.030610e-07  4.859405e-07
 527  6.455774e-07  3.626979e-07  3.626979e-07
 529  1.447470e-08  5.802337e-07  2.973542e-07
 531  7.398706e-07  2.684048e-07  1.087679e-07
 533  4.569911e-07  3.626979e-07  1.145993e-06
 535  7.981846e-08  7.981846e-08  4.569911e-07
 537  2.684048e-07  4.859405e-07  5.512843e-07
 539  5.512843e-07  1.741116e-07  7.981846e-08
 541  3.626979e-07  3.626979e-07  2.030610e-07
 543  9.574063e-07  3.916473e-07  3.626979e-07
 545  8.341637e-07  1.447470e-08  1.447470e-08
 547  1.087679e-07  1.447470e-08  2.973542e-07
 549  5.512843e-07  1.741116e-07  1.741116e-07
 551  3.626979e-07  1.087679e-07  3.916473e-07
 553  7.398706e-07  7.981846e-08  2.973542e-07
 555  1.741116e-07  3.916473e-07  7.981846e-08
 557  8.341637e-07  2.973542e-07  7.981846e-08
 559  6.455774e-07  1.447470e-08  7.981846e-08
 561  5.512843e-07  1.211336e-06  2.684048e-07
 563  1.447470e-08  4.569911e-07  7.981846e-08
 565  1.741116e-07  7.981846e-08  1.087679e-07
 567  1.494216e-06  2.684048e-07  7.981846e-08
 569  1.447470e-08  7.981846e-08  5.512843e-07
 571  2.684048e-07  3.916473e-07  2.684048e-07
 573  1.447470e-08  3.916473e-07  7.981846e-08
 575  1.399923e-06  2.973542e-07  1.741116e-07
 577  2.684048e-07  2.684048e-07  1.022750e-06
 579  8.341637e-07  3.916473e-07  8.631131e-07
 581  4.569911e-07  1.087679e-07  3.626979e-07
 583  2.030610e-07  9.284569e-07  3.916473e-07
 585  4.569911e-07  4.859405e-07  1.447470e-08
 587  2.973542e-07  2.030610e-07  3.626979e-07
 589  2.973542e-07  9.574063e-07  2.030610e-07
 591  2.684048e-07  2.684048e-07  1.741116e-07
 593  1.087679e-07  3.916473e-07  1.741116e-07
 595  2.030610e-07  1.447470e-08  7.981846e-08
 597  2.684048e-07  6.745268e-07  4.859405e-07
 599  6.455774e-07  1.087679e-07  1.087679e-07
 601  3.916473e-07  4.569911e-07  4.569911e-07
 603  5.512843e-07  5.802337e-07  7.981846e-08
 605  2.030610e-07  2.973542e-07  1.741116e-07
 607  3.626979e-07  5.802337e-07  5.802337e-07
 609  1.022750e-06  7.981846e-08  2.030610e-07
 611  2.030610e-07  4.859405e-07  7.981846e-08
 613  6.455774e-07  4.569911e-07  2.973542e-07
 615  1.447470e-08  1.741116e-07  2.973542e-07
 617  1.447470e-08  2.684048e-07  1.447470e-08
 619  2.684048e-07  1.087679e-07  2.030610e-07
 621  4.569911e-07  6.455774e-07  1.022750e-06
 623  4.569911e-07  2.684048e-07  5.802337e-07
 625  6.455774e-07  2.973542e-07  1.741116e-07
 627  5.802337e-07  2.973542e-07  1.051699e-06
 629  1.741116e-07  2.684048e-07  9.574063e-07
 631  4.859405e-07  2.030610e-07  1.741116e-07
 633  3.626979e-07  3.916473e-07  2.684048e-07
 635  2.684048e-07  1.741116e-07  1.447470e-08
 637  6.455774e-07  2.973542e-07  2.973542e-07
 639  2.684048e-07  9.284569e-07  5.802337e-07
 641  4.569911e-07  7.688200e-07  1.399923e-06
 643  8.341637e-07  7.688200e-07  1.087679e-07
 645  9.284569e-07  2.030610e-07  1.087679e-07
 647  2.030610e-07  2.030610e-07  7.981846e-08
 649  1.022750e-06  1.741116e-07  2.684048e-07
 651  3.626979e-07  3.916473e-07  5.512843e-07
 653  1.447470e-08  4.569911e-07  1.447470e-08
 655  1.741116e-07  6.455774e-07  6.455774e-07
 657  2.684048e-07  5.802337e-07  3.916473e-07
 659  5.802337e-07  7.981846e-08  1.087679e-07
 661  7.398706e-07  3.626979e-07  2.684048e-07
 663  4.569911e-07  4.569911e-07  3.916473e-07
 665  2.030610e-07  2.684048e-07  2.973542e-07
 667  2.030610e-07  2.684048e-07  3.916473e-07
 669  7.398706e-07  2.684048e-07  2.684048e-07
 671  8.341637e-07  1.447470e-08  5.512843e-07
 673  7.981846e-08  8.631131e-07  7.981846e-08
 675  1.741116e-07  5.802337e-07  9.574063e-07
 677  8.631131e-07  1.447470e-08  1.447470e-08
 679  1.447470e-08  1.741116e-07  2.030610e-07
 681  2.973542e-07  1.447470e-08  2.030610e-07
 683  1.087679e-07  2.684048e-07  1.741116e-07
 685  2.030610e-07  1.087679e-07  6.745268e-07
 687  2.684048e-07  2.973542e-07  6.455774e-07
 689  2.973542e-07  1.087679e-07  3.916473e-07
 691  5.802337e-07  4.859405e-07  1.447470e-08
 693  2.684048e-07  4.859405e-07  1.447470e-08
 695  9.284569e-07  6.745268e-07  7.981846e-08
 697  1.447470e-08  1.741116e-07  7.981846e-08
 699  3.916473e-07  1.447470e-08  2.973542e-07
 701  9.284569e-07  7.398706e-07  1.051699e-06
 703  3.626979e-07  7.981846e-08  1.447470e-08
 705  4.859405e-07  6.745268e-07  1.022750e-06
 707  5.512843e-07  7.981846e-08  8.631131e-07
 709  4.569911e-07  2.973542e-07  1.741116e-07
 711  7.398706e-07  1.447470e-08  3.916473e-07
 713  2.684048e-07  3.916473e-07  7.398706e-07
 715  7.981846e-08  7.398706e-07  6.745268e-07
 717  3.626979e-07  5.802337e-07  2.684048e-07
 719  2.684048e-07  1.399923e-06  8.631131e-07
 721  1.447470e-08  1.022750e-06  5.802337e-07
 723  2.684048e-07  4.859405e-07  1.087679e-07
 725  3.626979e-07  6.455774e-07  7.981846e-08
 727  1.741116e-07  2.973542e-07  4.569911e-07
 729  2.973542e-07  9.574063e-07  4.569911e-07
 731  1.145993e-06  2.973542e-07  4.569911e-07
 733  2.973542e-07  7.688200e-07  2.684048e-07
 735  2.030610e-07  3.626979e-07  6.745268e-07
 737  1.741116e-07  2.030610e-07  4.569911e-07
 739  1.741116e-07  2.030610e-07  2.684048e-07
 741  1.741116e-07  2.973542e-07  7.981846e-08
 743  6.455774e-07  3.916473e-07  7.688200e-07
 745  4.859405e-07  7.688200e-07  3.626979e-07
 747  5.802337e-07  5.512843e-07  6.745268e-07
 749  7.981846e-08  6.745268e-07  1.741116e-07
 751  3.916473e-07  8.341637e-07  1.211336e-06
 753  1.741116e-07  3.916473e-07  4.859405e-07
 755  6.455774e-07  5.802337e-07  2.030610e-07
 757  1.087679e-07  7.688200e-07  7.981846e-08
 759  2.684048e-07  6.745268e-07  7.688200e-07
 761  3.626979e-07  7.981846e-08  1.334579e-06
 763  3.916473e-07  4.859405e-07  2.030610e-07
 765  7.981846e-08  1.087679e-07  1.447470e-08
 767  6.745268e-07  5.512843e-07  4.569911e-07
 769  6.745268e-07  5.802337e-07  7.981846e-08
 771  4.569911e-07  1.087679e-07  2.973542e-07
 773  1.447470e-08  6.745268e-07  1.087679e-07
 775  3.916473e-07  2.973542e-07  5.802337e-07
 777  6.455774e-07  6.455774e-07  6.455774e-07
 779  4.569911e-07  5.802337e-07  2.030610e-07
 781  1.087679e-07  2.684048e-07  2.973542e-07
 783  1.741116e-07  3.626979e-07  5.802337e-07
 785  1.022750e-06  7.398706e-07  1.741116e-07
 787  7.981846e-08  5.802337e-07  6.455774e-07
 789  3.916473e-07  1.087679e-07  1.022750e-06
 791  6.745268e-07  6.455774e-07  1.087679e-07
 793  1.447470e-08  1.741116e-07  3.916473e-07
 795  6.455774e-07  1.447470e-08  9.574063e-07
 797  1.087679e-07  7.981846e-08  7.981846e-08
 799  4.569911e-07  4.569911e-07  2.973542e-07
 801  1.087679e-07  2.684048e-07  9.284569e-07
 803  2.973542e-07  1.087679e-07  1.871388e-06
 805  1.741116e-07  4.569911e-07  2.973542e-07
 807  1.741116e-07  4.569911e-07  2.684048e-07
 809  3.626979e-07  7.981846e-08  6.455774e-07
 811  3.916473e-07  1.117043e-06  3.916473e-07
 813  7.398706e-07  6.745268e-07  2.684048e-07
 815  2.030610e-07  9.284569e-07  7.398706e-07
 817  2.030610e-07  7.398706e-07  6.745268e-07
 819  2.684048e-07  2.030610e-07  2.684048e-07
 821  1.447470e-08  7.981846e-08  2.973542e-07
 823  5.512843e-07  4.859405e-07  2.973542e-07
 825  5.512843e-07  1.741116e-07  7.981846e-08
 827  7.981846e-08  1.447470e-08  1.087679e-07
 829  7.981846e-08  1.447470e-08  7.981846e-08
 831  2.030610e-07  6.455774e-07  2.973542e-07
 833  7.398706e-07  2.030610e-07  1.741116e-07
 835  4.859405e-07  2.973542e-07  1.447470e-08
 837  1.447470e-08  8.631131e-07  2.684048e-07
 839  2.973542e-07  2.684048e-07  1.087679e-07
 841  1.777095e-06  2.973542e-07  1.741116e-07
 843  6.455774e-07  5.802337e-07  1.117043e-06
 845  4.859405e-07  4.569911e-07  1.211336e-06
 847  4.569911e-07  5.802337e-07  4.569911e-07
 849  2.030610e-07  1.087679e-07  7.981846e-08
 851  4.859405e-07  5.512843e-07  1.087679e-07
 853  7.981846e-08  2.030610e-07  4.569911e-07
 855  3.626979e-07  8.341637e-07  1.087679e-07
 857  3.626979e-07  1.087679e-07  7.981846e-08
 859  8.341637e-07  4.859405e-07  7.981846e-08
 861  3.626979e-07  1.051699e-06  2.684048e-07
 863  3.916473e-07  6.745268e-07  2.973542e-07
 865  8.341637e-07  2.030610e-07  1.087679e-07
 867  1.447470e-08  7.981846e-08  1.741116e-07
 869  2.973542e-07  2.973542e-07  1.087679e-07
 871  1.447470e-08  4.859405e-07  1.741116e-07
 873  1.022750e-06  7.398706e-07  5.512843e-07
 875  1.117043e-06  1.741116e-07  3.916473e-07
 877  1.087679e-07  4.859405e-07  2.973542e-07
 879  7.398706e-07  7.398706e-07  4.859405e-07
 881  1.741116e-07  2.030610e-07  6.745268e-07
 883  7.398706e-07  1.305630e-06  5.802337e-07
 885  1.447470e-08  7.981846e-08  6.455774e-07
 887  5.512843e-07  5.802337e-07  3.626979e-07
 889  1.741116e-07  2.030610e-07  7.981846e-08
 891  1.305630e-06  6.455774e-07  1.447470e-08
 893  2.684048e-07  2.684048e-07  8.341637e-07
 895  1.447470e-08  1.087679e-07  7.688200e-07
 897  7.688200e-07  1.741116e-07  9.284569e-07
 899  1.741116e-07  2.684048e-07  1.022750e-06
 901  6.455774e-07  2.973542e-07  1.087679e-07
 903  1.022750e-06  1.022750e-06  5.802337e-07
 905  3.916473e-07  1.087679e-07  7.981846e-08
 907  3.916473e-07  6.745268e-07  1.494216e-06
 909  1.447470e-08  1.741116e-07  1.447470e-08
 911  4.569911e-07  2.030610e-07  5.802337e-07
 913  4.859405e-07  7.398706e-07  1.741116e-07
 915  7.981846e-08  6.745268e-07  1.741116e-07
 917  4.859405e-07  2.684048e-07  5.802337e-07
 919  6.745268e-07  1.741116e-07  1.240286e-06
 921  4.859405e-07  4.859405e-07  6.455774e-07
 923  1.117043e-06  1.523165e-06  3.916473e-07
 925  1.741116e-07  1.741116e-07  1.022750e-06
 927  1.087679e-07  9.284569e-07  1.741116e-07
 929  7.981846e-08  3.916473e-07  1.447470e-08
 931  1.447470e-08  9.574063e-07  1.447470e-08
 933  2.973542e-07  2.684048e-07  4.569911e-07
 935  6.745268e-07  2.973542e-07  1.334579e-06
 937  7.398706e-07  7.688200e-07  1.117043e-06
 939  1.447470e-08  5.512843e-07  2.030610e-07
 941  3.626979e-07  1.305630e-06  3.626979e-07
 943  7.398706e-07  1.447470e-08  1.087679e-07
 945  1.741116e-07  6.455774e-07  3.626979e-07
 947  4.569911e-07  2.973542e-07  8.631131e-07
 949  2.684048e-07  8.341637e-07  1.087679e-07
 951  3.916473e-07  7.398706e-07  4.859405e-07
 953  1.399923e-06  3.626979e-07  7.981846e-08
 955  1.447470e-08  1.494216e-06  1.447470e-08
 957  1.447470e-08  2.973542e-07  2.030610e-07
 959  5.512843e-07  1.087679e-07  9.574063e-07
 961  6.455774e-07  2.973542e-07  3.626979e-07
 963  7.981846e-08  4.569911e-07  1.447470e-08
 965  1.447470e-08  4.859405e-07  4.859405e-07
 967  1.447470e-08  5.512843e-07  4.569911e-07
 969  6.455774e-07  7.688200e-07  7.398706e-07
 971  2.973542e-07  3.916473e-07  2.030610e-07
 973  3.626979e-07  3.626979e-07  8.341637e-07
 975  2.973542e-07  1.399923e-06  1.051699e-06
 977  1.447470e-08  3.916473e-07  3.916473e-07
 979  1.087679e-07  1.087679e-07  1.399923e-06
 981  4.569911e-07  7.688200e-07  4.859405e-07
 983  3.916473e-07  6.455774e-07  3.626979e-07
 985  2.973542e-07  8.341637e-07  1.741116e-07
 987  2.030610e-07  9.574063e-07  1.087679e-07
 989  1.447470e-08  3.916473e-07  1.334579e-06
 991  2.684048e-07  1.334579e-06  7.981846e-08
 993  7.398706e-07  3.916473e-07  9.574063e-07
 995  3.916473e-07  4.569911e-07  2.030610e-07
 997  1.087679e-07  5.802337e-07  1.741116e-07
 999  6.455774e-07  1.741116e-07  7.398706e-07
