# omega0=1, alpha=0.3
# theta0=0.5, theta_dot0=0
# t_start=0, t_end=50, h=0.00911928
#   t          x(t)                 v(t)       
0  5.000000000000000e-01  0.000000000000000e+00
9.119282013323059e-02 4.980257719907217e-01 -4.307508342461622e-02
1.823856402664613e-01 4.921885117866829e-01 -8.467728603211323e-02
2.735784603996920e-01 4.826346021941237e-01 -1.245446478810625e-01
3.647712805329227e-01 4.695335830069484e-01 -1.624312543617398e-01
4.559641006661534e-01 4.530766846502181e-01 -1.981073589390626e-01
5.471569207993838e-01 4.334753351973170e-01 -2.313598505746879e-01
6.383497409326140e-01 4.109596081880468e-01 -2.619930847418050e-01
7.295425610658441e-01 3.857765786018484e-01 -2.898300609626535e-01
8.207353811990743e-01 3.581885574565368e-01 -3.147138961260018e-01
9.119282013323045e-01 3.284711815180777e-01 -3.365095132287501e-01
1.003121021465535e+00 2.969113430714601e-01 -3.551054413606809e-01
1.094313841598765e+00 2.638049550150232e-01 -3.704156062939593e-01
1.185506661731995e+00 2.294545579682852e-01 -3.823809832071093e-01
1.276699481865225e+00 1.941667878011654e-01 -3.909709846140545e-01
1.367892301998455e+00 1.582497331368845e-01 -3.961844675532140e-01
1.459085122131685e+00 1.220102221168261e-01 -3.980502638102770e-01
1.550277942264916e+00 8.575108530934396e-02 -3.966271639008145e-01
1.641470762398146e+00 4.976844653162917e-02 -3.920033175317976e-01
1.732663582531376e+00 1.434909519430609e-02 -3.842950476096085e-01
1.823856402664606e+00 -2.023200751078960e-02 -3.736451086711383e-01
1.915049222797836e+00 -5.371404049986914e-02 -3.602204510966044e-01
2.006242042931067e+00 -8.585241145998551e-02 -3.442095772435838e-01
2.097434863064297e+00 -1.164205896899057e-01 -3.258195930058928e-01
2.188627683197527e+00 -1.452116604392492e-01 -3.052730673415132e-01
2.279820503330757e+00 -1.720395884212274e-01 -2.828048129702702e-01
2.371013323463987e+00 -1.967401882316036e-01 -2.586586944294442e-01
2.462206143597217e+00 -2.191718085233834e-01 -2.330845563266234e-01
2.553398963730448e+00 -2.392157444624866e-01 -2.063353466828772e-01
2.644591783863678e+00 -2.567763988919000e-01 -1.786644896329829e-01
2.735784603996908e+00 -2.717812166030560e-01 -1.503235403272407e-01
2.826977424130138e+00 -2.841804181595587e-01 -1.215601343428076e-01
2.918170244263368e+00 -2.939465599855323e-01 -9.261622562453103e-02
3.009363064396598e+00 -3.010739461717589e-01 -6.372659192168491e-02
3.100555884529828e+00 -3.055779149925448e-01 -3.511757546677329e-02
3.191748704663059e+00 -3.074940198279943e-01 -7.006019496241578e-03
3.282941524796289e+00 -3.068771204206869e-01 2.040164192540737e-02
3.374134344929519e+00 -3.038003965156232e-01 4.691018275678276e-02
3.465327165062749e+00 -2.983542922537485e-01 7.233631071748650e-02
3.556519985195979e+00 -2.906453964775970e-01 9.650935176390212e-02
3.647712805329209e+00 -2.807952615680476e-01 1.192719168909482e-01
3.738905625462440e+00 -2.689391617043855e-01 1.404805654078866e-01
3.830098445595670e+00 -2.552247905998277e-01 1.600064689487940e-01
3.921291265728900e+00 -2.398108988197957e-01 1.777360708469670e-01
4.012484085862130e+00 -2.228658716869942e-01 1.935717267778514e-01
4.103676905995361e+00 -2.045662504063882e-01 2.074323053268607e-01
4.194869726128591e+00 -1.850952012478666e-01 2.192537218280959e-01
4.286062546261821e+00 -1.646409402119904e-01 2.289893757742702e-01
4.377255366395051e+00 -1.433951233592229e-01 2.366104614873068e-01
4.468448186528281e+00 -1.215512156820692e-01 2.421061235625847e-01
4.559641006661511e+00 -9.930285382727916e-02 2.454834326834136e-01
4.650833826794742e+00 -7.684221993978352e-02 2.467671634087331e-01
4.742026646927972e+00 -5.435844524675856e-02 2.459993629911223e-01
4.833219467061202e+00 -3.203606262272415e-02 2.432387086095552e-01
4.924412287194432e+00 -1.005352722356976e-02 2.385596589768467e-01
5.015605107327662e+00 1.141817664517305e-02 2.320514144834352e-01
5.106797927460892e+00 3.221682589213126e-02 2.238167073012333e-01
5.197990747594122e+00 5.219013193523840e-02 2.139704487303821e-01
5.289183567727353e+00 7.119678531782181e-02 2.026382652016158e-01
5.380376387860583e+00 8.910736301624164e-02 1.899549565778240e-01
5.471569207993813e+00 1.058050929065978e-01 1.760629107201793e-01
5.562762028127043e+00 1.211864729019240e-01 1.611105068339984e-01
5.653954848260273e+00 1.351617451116109e-01 1.452505371465691e-01
5.745147668393503e+00 1.476552278889116e-01 1.286386723410531e-01
5.836340488526734e+00 1.586055107319267e-01 1.114319912751686e-01
5.927533308659964e+00 1.679655186372418e-01 9.378759026121428e-02
6.018726128793194e+00 1.757024536588853e-01 7.586128196455781e-02
6.109918948926424e+00 1.817976221174836e-01 5.780638913203327e-02
6.201111769059654e+00 1.862461561825265e-01 3.977263416314331e-02
6.292304589192884e+00 1.890566384830274e-01 2.190512218004649e-02
6.383497409326115e+00 1.902506380710441e-01 4.343412849102871e-03
6.474690229459345e+00 1.898621655575721e-01 -1.277932521028644e-02
6.565883049592575e+00 1.879370546498418e-01 -2.933708406410636e-02
6.657075869725805e+00 1.845322767252655e-01 -4.521171640768994e-02
6.748268689859035e+00 1.797151945509290e-01 -6.029357099823819e-02
6.839461509992265e+00 1.735627608543296e-01 -7.448206716558975e-02
6.930654330125495e+00 1.661606672092328e-01 -8.768621007921355e-02
7.021847150258726e+00 1.576024486397608e-01 -9.982504642386540e-02
7.113039970391956e+00 1.479885494674445e-01 -1.108280581934346e-01
7.204232790525186e+00 1.374253562141904e-01 -1.206354906288017e-01
7.295425610658416e+00 1.260242037983484e-01 -1.291986090478048e-01
7.386618430791646e+00 1.139003617790048e-01 -1.364798785527234e-01
7.477811250924876e+00 1.011720079649536e-01 -1.424530604189699e-01
7.569004071058107e+00 8.795919725526724e-02 -1.471032193881258e-01
7.660196891191337e+00 7.438283406398452e-02 -1.504266370839787e-01
7.751389711324567e+00 6.056365705237132e-02 -1.524306282749084e-01
7.842582531457797e+00 4.662124510648869e-02 -1.531332586175652e-01
7.933775351591027e+00 3.267305352402312e-02 -1.525629647064455e-01
8.024968171724257e+00 1.883348919365956e-02 -1.507580795769700e-01
8.116160991857488e+00 5.213033157361708e-03 -1.477662691168579e-01
8.207353811990718e+00 -8.082581651216947e-03 -1.436438869898445e-01
8.298546632123948e+00 -2.095313048007728e-02 -1.384552575423755e-01
8.389739452257178e+00 -3.330458856642551e-02 -1.322718976488994e-01
8.480932272390408e+00 -4.504974965078663e-02 -1.251716894875507e-01
8.572125092523638e+00 -5.610876729259182e-02 -1.172380167927128e-01
8.663317912656868e+00 -6.640961623328361e-02 -1.085588772060396e-01
8.754510732790099e+00 -7.588847219025745e-02 -9.922598297649574e-02
8.845703552923329e+00 -8.449000955025206e-02 -8.933386150282832e-02
8.936896373056559e+00 -9.216761743241385e-02 -7.897896614830335e-02
9.028089193189789e+00 -9.888353548536934e-02 -6.825880647927210e-02
9.119282013323019e+00 -1.046089115540385e-01 -5.727110568212424e-02
9.210474833456249e+00 -1.093237839940668e-01 -4.611299149031189e-02
9.301667653589480e+00 -1.130169919261827e-01 -3.488022558787566e-02
9.392860473722710e+00 -1.156860171180376e-01 -2.366647521748214e-02
9.484053293855940e+00 -1.173367614712155e-01 -1.256262966102331e-02
9.575246113989170e+00 -1.179832642940110e-01 -1.656163411691221e-03
9.666438934122400e+00 -1.176473636762276e-01 8.969452768926847e-03
9.757631754255630e+00 -1.163583063709387e-01 1.923529212205238e-02
9.848824574388860e+00 -1.141523106489538e-01 2.906746291406478e-02
9.940017394522091e+00 -1.110720866411732e-01 3.839754967896185e-02
1.003121021465532e+01 -1.071663187350924e-01 4.716300407563783e-02
1.012240303478855e+01 -1.024891146532299e-01 5.530748460824058e-02
1.021359585492178e+01 -9.709942591753569e-02 6.278114428867872e-02
1.030478867505501e+01 -9.106044449477600e-02 6.954086517541747e-02
1.039598149518824e+01 -8.443898051934624e-02 7.555043864334839e-02
1.048717431532147e+01 -7.730482609437156e-02 8.078069025875365e-02
1.057836713545470e+01 -6.973011026920821e-02 8.520954827399689e-02
1.066955995558793e+01 -6.178865036987211e-02 8.882205503004374e-02
1.076075277572116e+01 -5.355530490629930e-02 9.161032096117237e-02
1.085194559585439e+01 -4.510533328499898e-02 9.357342142423233e-02
1.094313841598762e+01 -3.651376750736971e-02 9.471723720384428e-02
1.103433123612085e+01 -2.785480092474391e-02 9.505424024660628e-02
1.112552405625408e+01 -1.920119894598856e-02 9.460322691797678e-02
1.121671687638731e+01 -1.062373635031556e-02 9.338900181871768e-02
1.130790969652054e+01 -2.190665548270893e-03 9.144201590735226e-02
1.139910251665377e+01 6.032780237694928e-03 8.879796331743796e-02
1.149029533678700e+01 1.398484532763615e-02 8.549734180483688e-02
1.158148815692023e+01 2.160766839860736e-02 8.158498218845704e-02
1.167268097705346e+01 2.884765518799004e-02 7.710955244370409e-02
1.176387379718669e+01 3.565580503869488e-02 7.212304226490382e-02
1.185506661731992e+01 4.198798977161701e-02 6.668023393304698e-02
1.194625943745315e+01 4.780518389896515e-02 6.083816521750813e-02
1.203745225758638e+01 5.307364570524008e-02 5.465558982015997e-02
1.212864507771961e+01 5.776504921131999e-02 4.819244055738968e-02
1.221983789785284e+01 6.185656749388591e-02 4.150930009262661e-02
1.231103071798607e+01 6.533090825199178e-02 3.466688360289719e-02
1.240222353811930e+01 6.817630289180523e-02 2.772553731081990e-02
1.249341635825254e+01 7.038645073830292e-02 2.074475635945697e-02
1.258460917838577e+01 7.196042027966701e-02 1.378272506941200e-02
1.267580199851900e+01 7.290250960841639e-02 6.895882209285189e-03
1.276699481865223e+01 7.322206844608586e-02 1.385135413073293e-04
1.285818763878546e+01 7.293328432934065e-02 -6.437626421721449e-03
1.294938045891869e+01 7.205493569879687e-02 -1.278366179394174e-02
1.304057327905192e+01 7.061011477137040e-02 -1.885391041584283e-02
1.313176609918515e+01 6.862592319607320e-02 -2.460616547125920e-02
1.322295891931838e+01 6.613314359447506e-02 -3.000194260135836e-02
1.331415173945161e+01 6.316589017232974e-02 -3.500669166434434e-02
1.340534455958484e+01 5.976124165896546e-02 -3.958997245490768e-02
1.349653737971807e+01 5.595885988587525e-02 -4.372559386843779e-02
1.358773019985130e+01 5.180059735460817e-02 -4.739171617990229e-02
1.367892301998453e+01 4.733009716498997e-02 -5.057091631222024e-02
1.377011584011776e+01 4.259238867588257e-02 -5.325021619752308e-02
1.386130866025099e+01 3.763348224990488e-02 -5.542107458779474e-02
1.395250148038422e+01 3.249996638861277e-02 -5.707934294717417e-02
1.404369430051745e+01 2.723861049368170e-02 -5.822518635234507e-02
1.413488712065068e+01 2.189597639126051e-02 -5.886297063345194e-02
1.422607994078391e+01 1.651804163014450e-02 -5.900111729778696e-02
1.431727276091714e+01 1.114983740981347e-02 -5.865192808300498e-02
1.440846558105037e+01 5.835103812608739e-03 -5.783138127641622e-02
1.449965840118360e+01 6.159648071448959e-04 -5.655890220284509e-02
1.459085122131683e+01 -4.467374739972191e-03 -5.485711051738233e-02
1.468204404145006e+01 -9.376908056667049e-03 -5.275154713423041e-02
1.477323686158329e+01 -1.407707974011265e-02 -5.027038377363319e-02
1.486442968171652e+01 -1.853501186862597e-02 -4.744411821245800e-02
1.495562250184975e+01 -2.272070178999109e-02 -4.430525837928685e-02
1.504681532198298e+01 -2.660719071259655e-02 -4.088799844279921e-02
1.513800814211621e+01 -3.017070251157138e-02 -3.722789000551981e-02
1.522920096224944e+01 -3.339075244267514e-02 -3.336151143790256e-02
1.532039378238267e+01 -3.625022572859601e-02 -2.932613827560012e-02
1.541158660251590e+01 -3.873542624261908e-02 -2.515941746173188e-02
1.550277942264913e+01 -4.083609576099741e-02 -2.089904805241679e-02
1.559397224278236e+01 -4.254540448602975e-02 -1.658247082408700e-02
1.568516506291559e+01 -4.385991375561474e-02 -1.224656903100518e-02
1.577635788304882e+01 -4.477951205120737e-02 -7.927382366092943e-03
1.586755070318205e+01 -4.530732559437430e-02 -3.659835981828769e-03
1.595874352331528e+01 -4.544960498258537e-02 5.225137662743836e-04
1.604993634344851e+01 -4.521558945778300e-02 4.587715381192448e-03
1.614112916358174e+01 -4.461735052707361e-02 8.505638803395004e-03
1.623232198371497e+01 -4.366961676407051e-02 1.224817139938832e-02
1.632351480384820e+01 -4.238958171244972e-02 1.578939242669600e-02
1.641470762398143e+01 -4.079669689054319e-02 1.910572521338279e-02
1.650590044411466e+01 -3.891245195755806e-02 2.217606645917305e-02
1.659709326424789e+01 -3.676014414841725e-02 2.498189223332159e-02
1.668828608438112e+01 -3.436463911528206e-02 2.750734041292008e-02
1.677947890451435e+01 -3.175212532945958e-02 2.973926947517578e-02
1.687067172464758e+01 -2.894986419747127e-02 3.166729372881004e-02
1.696186454478081e+01 -2.598593802940627e-02 3.328379524294858e-02
1.705305736491404e+01 -2.288899796618549e-02 3.458391290596601e-02
1.714425018504727e+01 -1.968801392499876e-02 3.556550922036715e-02
1.723544300518050e+01 -1.641202855907085e-02 3.622911561107876e-02
1.732663582531373e+01 -1.308991714937645e-02 3.657785719121025e-02
1.741782864544696e+01 -9.750155252495056e-03 3.661735808885835e-02
1.750902146558019e+01 -6.420595821249407e-03 3.635562858818638e-02
1.760021428571342e+01 -3.128257394128052e-03 3.580293547513577e-02
1.769140710584665e+01 1.008751829887609e-04 3.497165710024097e-02
1.778259992597988e+01 3.242036182129527e-03 3.387612477594762e-02
1.787379274611311e+01 6.271849396453859e-03 3.253245221183888e-02
1.796498556624634e+01 9.168482510789768e-03 3.095835475702513e-02
1.805617838637957e+01 1.191178459243458e-02 2.917296026397609e-02
1.814737120651280e+01 1.448340602187398e-02 2.719661341216524e-02
1.823856402664603e+01 1.686690035103691e-02 2.505067533349575e-02
1.832975684677927e+01 1.904780774409433e-02 2.275732036551491e-02
1.842094966691250e+01 2.101371982090322e-02 2.033933172424965e-02
1.851214248704573e+01 2.275432588440515e-02 1.781989783777485e-02
1.860333530717896e+01 2.426144066918878e-02 1.522241101624820e-02
1.869452812731219e+01 2.552901389777083e-02 1.257027005610701e-02
1.878572094744542e+01 2.655312207287777e-02 9.886688287439802e-03
1.887691376757865e+01 2.733194306724068e-02 7.194508476156133e-03
1.896810658771188e+01 2.786571419643557e-02 4.516025888277160e-03
1.905929940784511e+01 2.815667457455690e-02 1.872820714053138e-03
1.915049222797834e+01 2.820899265658150e-02 -7.143990639491857e-04
1.924168504811157e+01 2.802867996485717e-02 -3.225943391026456e-03
1.933287786824480e+01 2.762349208002125e-02 -5.643273599319397e-03
1.942407068837803e+01 2.700281804867708e-02 -7.949122875642979e-03
1.951526350851126e+01 2.617755942124535e-02 -1.012760312841677e-02
1.960645632864449e+01 2.516000018351978e-02 -1.216429776442169e-02
1.969764914877772e+01 2.396366888458267e-02 -1.404634000651247e-02
1.978884196891095e+01 2.260319429189855e-02 -1.576247650341959e-02
1.988003478904418e+01 2.109415592165425e-02 -1.730311610202413e-02
1.997122760917741e+01 1.945293079883896e-02 -1.866036377056728e-02
2.006242042931064e+01 1.769653779728827e-02 -1.982803977765100e-02
2.015361324944387e+01 1.584248089513131e-02 -2.080168434598221e-02
2.024480606957710e+01 1.390859265602281e-02 -2.157854811088496e-02
2.033599888971033e+01 1.191287921152448e-02 -2.215756882082790e-02
2.042719170984356e+01 9.873367975414386e-03 -2.253933481968631e-02
2.051838452997679e+01 7.807959267024913e-03 -2.272603594722460e-02
2.060957735011002e+01 5.734282958505020e-03 -2.272140258438029e-02
2.070077017024325e+01 3.669561190821062e-03 -2.253063365240858e-02
2.079196299037648e+01 1.630478126089343e-03 -2.216031444892952e-02
2.088315581050971e+01 -3.669423797171604e-04 -2.161832526862309e-02
2.097434863064294e+01 -2.307450388648140e-03 -2.091374181109614e-02
2.106554145077617e+01 -4.176674075727889e-03 -2.005672842280378e-02
2.115673427090940e+01 -5.961213902549965e-03 -1.905842525353130e-02
2.124792709104263e+01 -7.648726264739304e-03 -1.793083043069749e-02
2.133911991117586e+01 -9.227996209741768e-03 -1.668667836667441e-02
2.143031273130909e+01 -1.068899892323922e-02 -1.533931531565865e-02
2.152150555144232e+01 -1.202294978397950e-02 -1.390257328775688e-02
2.161269837157555e+01 -1.322234288704651e-02 -1.239064340938695e-02
2.170389119170878e+01 -1.428097803372085e-02 -1.081794979147800e-02
2.179508401184201e+01 -1.519397628130217e-02 -9.199024930997640e-03
2.188627683197524e+01 -1.595778423785510e-02 -7.548387627816438e-03
2.197746965210847e+01 -1.657016737414928e-02 -5.880424348644794e-03
2.206866247224170e+01 -1.703019270750980e-02 -4.209274913554805e-03
2.215985529237493e+01 -1.733820128937258e-02 -2.548723319227738e-03
2.225104811250816e+01 -1.749577099961565e-02 -9.120944473121696e-04
2.234224093264139e+01 -1.750567021584465e-02 6.878426631333888e-04
2.243343375277462e+01 -1.737180298444771e-02 2.238964372525412e-03
2.252462657290785e+01 -1.709914637216032e-02 3.729874295104814e-03
2.261581939304108e+01 -1.669368072190626e-02 5.149976995360498e-03
2.270701221317431e+01 -1.616231357467557e-02 6.489543148802542e-03
2.279820503330754e+01 -1.551279805007723e-02 7.739765867695556e-03
2.288939785344077e+01 -1.475364650192619e-02 8.892807970863262e-03
2.298059067357400e+01 -1.389404028179985e-02 9.941840054850477e-03
2.307178349370723e+01 -1.294373645297709e-02 1.088106930109197e-02
2.316297631384046e+01 -1.191297229965319e-02 1.170575902980230e-02
2.325416913397369e+01 -1.081236847194448e-02 1.241223908557552e-02
2.334536195410692e+01 -9.652831596144417e-03 1.299790721167266e-02
2.343655477424015e+01 -8.445457162199134e-03 1.346122163917961e-02
2.352774759437338e+01 -7.201433476711578e-03 1.380168518314235e-02
2.361894041450661e+01 -5.931947440280568e-03 1.401982119994275e-02
2.371013323463984e+01 -4.648092873000198e-03 1.411714181809769e-02
2.380132605477307e+01 -3.360782071892069e-03 1.409610890790428e-02
2.389251887490630e+01 -2.080661239363782e-03 1.396008830351203e-02
2.398371169503953e+01 -8.180303729618480e-04 1.371329783372143e-02
2.407490451517276e+01 4.172318457741161e-04 1.336074975478975e-02
2.416609733530600e+01 1.615737681112025e-03 1.290818820953311e-02
2.425729015543923e+01 2.768654067450666e-03 1.236202236188515e-02
2.434848297557246e+01 3.867760064129947e-03 1.172925587471509e-02
2.443967579570569e+01 4.905497738203668e-03 1.101741341110529e-02
2.453086861583892e+01 5.875016235009541e-03 1.023446484549676e-02
2.462206143597215e+01 6.770208859018807e-03 9.388747871257765e-03
2.471325425610538e+01 7.585743049839397e-03 8.488889685505216e-03
2.480444707623861e+01 8.317083199857623e-03 7.543728420661602e-03
2.489563989637184e+01 8.960506320334526e-03 6.562234975559128e-03
2.498683271650507e+01 9.513110621353788e-03 5.553435877248356e-03
2.507802553663830e+01 9.972817127411193e-03 4.526337778403752e-03
2.516921835677153e+01 1.033836450423821e-02 3.489854164740508e-03
2.526041117690476e+01 1.060929732329904e-02 2.452734812579887e-03
2.535160399703799e+01 1.078594803796438e-02 1.423498499047697e-03
2.544279681717122e+01 1.086941298935771e-02 4.103694267902849e-04
2.553398963730445e+01 1.086152280004167e-02 -5.787822180285955e-04
2.562518245743768e+01 1.076480754985312e-02 -1.536495200905466e-03
2.571637527757091e+01 1.058245716013247e-02 -2.455767340705226e-03
2.580756809770414e+01 1.031827744019235e-02 -3.330100499429208e-03
2.589876091783737e+01 9.976642273033647e-03 -4.153540230620332e-03
2.598995373797060e+01 9.562442435982811e-03 -4.920709906513433e-03
2.608114655810383e+01 9.081031566065061e-03 -5.626839193672001e-03
2.617233937823706e+01 8.538169789552796e-03 -6.267786796215351e-03
2.626353219837029e+01 7.939965540277542e-03 -6.840057434469901e-03
2.635472501850352e+01 7.292816092041348e-03 -7.340813074621173e-03
2.644591783863675e+01 6.603347326915427e-03 -7.767878471356874e-03
2.653711065876998e+01 5.878353253506247e-03 -8.119741130245620e-03
2.662830347890321e+01 5.124735777568312e-03 -8.395545839374062e-03
2.671949629903644e+01 4.349445211842204e-03 -8.595083960268103e-03
2.681068911916967e+01 3.559421992916863e-03 -8.718777706071091e-03
2.690188193930290e+01 2.761540050501263e-03 -8.767659670085963e-03
2.699307475943613e+01 1.962552249010106e-03 -8.743347899876760e-03
2.708426757956936e+01 1.169038293108086e-03 -8.648016840964636e-03
2.717546039970259e+01 3.873554581220347e-04 -8.484364499571722e-03
2.726665321983582e+01 -3.764075266615366e-04 -8.255576195724541e-03
2.735784603996905e+01 -1.116473148514701e-03 -7.965285296223631e-03
2.744903886010228e+01 -1.827414078511677e-03 -7.617531331450913e-03
2.754023168023551e+01 -2.504188215763178e-03 -7.216715910691275e-03
2.763142450036874e+01 -3.142169627067920e-03 -6.767556857596633e-03
2.772261732050197e+01 -3.737175239032924e-03 -6.275040990662091e-03
2.781381014063520e+01 -4.285487178468615e-03 -5.744375973191510e-03
2.790500296076843e+01 -4.783870695421705e-03 -5.180941653312406e-03
2.799619578090166e+01 -5.229587641253018e-03 -4.590241307295980e-03
2.808738860103489e+01 -5.620405511397152e-03 -3.977853188911491e-03
2.817858142116812e+01 -5.954602098570931e-03 -3.349382773982994e-03
2.826977424130135e+01 -6.230965836960221e-03 -2.710416072928074e-03
2.836096706143458e+01 -6.448791951062583e-03 -2.066474365067123e-03
2.845215988156781e+01 -6.607874554169397e-03 -1.422970687135269e-03
2.854335270170104e+01 -6.708494870731389e-03 -7.851683849556034e-04
2.863454552183427e+01 -6.751405783884253e-03 -1.581420118975765e-04
2.872573834196750e+01 -6.737812934058549e-03 4.532591691908169e-04
2.881693116210073e+01 -6.669352616726270e-03 1.044444852160203e-03
2.890812398223396e+01 -6.548066746835630e-03 1.611114322773081e-03
2.899931680236719e+01 -6.376375174270025e-03 2.149283894031324e-03
2.909050962250042e+01 -6.157045648675022e-03 2.655311003393775e-03
2.918170244263365e+01 -5.893161743190674e-03 3.125914864645887e-03
2.927289526276688e+01 -5.588089054990615e-03 3.558193598205195e-03
2.936408808290011e+01 -5.245440006072398e-03 3.949637794457492e-03
2.945528090303334e+01 -4.869037570495441e-03 4.298140495080150e-03
2.954647372316657e+01 -4.462878254275423e-03 4.602003606990977e-03
2.963766654329980e+01 -4.031094651489058e-03 4.859940792343365e-03
2.972885936343303e+01 -3.577917894912433e-03 5.071076905662781e-03
2.982005218356626e+01 -3.107640311819786e-03 5.234944075589825e-03
2.991124500369950e+01 -2.624578585534827e-03 5.351474553579519e-03
3.000243782383273e+01 -2.133037711096910e-03 5.420990475138671e-03
3.009363064396596e+01 -1.637276019136910e-03 5.444190700613282e-03
3.018482346409919e+01 -1.141471525923323e-03 5.422134922034110e-03
3.027601628423242e+01 -6.496898497193202e-04 5.356225239977534e-03
3.036720910436565e+01 -1.658539142774752e-04 5.248185429707316e-03
3.045840192449888e+01 3.062843603106731e-04 5.100038128957677e-03
3.054959474463211e+01 7.631702008938053e-04 4.914080190546990e-03
3.064078756476534e+01 1.201469802735976e-03 4.692856451542866e-03
3.073198038489857e+01 1.618091696511399e-03 4.439132176922926e-03
3.082317320503180e+01 2.010205551861542e-03 4.155864439600920e-03
3.091436602516503e+01 2.375258332530474e-03 3.846172700344642e-03
3.100555884529826e+01 2.710987742117095e-03 3.513308850549001e-03
3.109675166543149e+01 3.015432923355447e-03 3.160626978110944e-03
3.118794448556472e+01 3.286942397364041e-03 2.791553111865875e-03
3.127913730569795e+01 3.524179252307628e-03 2.409555193286132e-03
3.137033012583118e+01 3.726123613215182e-03 2.018113515522977e-03
3.146152294596441e+01 3.892072446132185e-03 1.620691859518824e-03
3.155271576609764e+01 4.021636770201167e-03 1.220709544960986e-03
3.164390858623087e+01 4.114736370522631e-03 8.215146004359173e-04
3.173510140636410e+01 4.171592122622813e-03 4.263582424252341e-04
3.182629422649733e+01 4.192716055933307e-03 3.837083691888918e-05
3.191748704663056e+01 4.178899298773162e-03 -3.394604994315978e-04
3.200867986676379e+01 4.131198060833997e-03 -7.043125193713085e-04
3.209987268689702e+01 4.050917821035701e-03 -1.053544565393016e-03
3.219106550703025e+01 3.939595898792237e-03 -1.384715288281904e-03
3.228225832716348e+01 3.798982595166706e-03 -1.695597280897256e-03
3.237345114729671e+01 3.631021097080433e-03 -1.984189563537037e-03
3.246464396742994e+01 3.437826342664859e-03 -2.248727876533340e-03
3.255583678756317e+01 3.221663049014924e-03 -2.487692754872117e-03
3.264702960769640e+01 2.984923105039392e-03 -2.699815378468702e-03
3.273822242782963e+01 2.730102531842092e-03 -2.884081210116561e-03
3.282941524796286e+01 2.459778211155626e-03 -3.039731450923348e-03
3.292060806809609e+01 2.176584578845716e-03 -3.166262360126184e-03
3.301180088822932e+01 1.883190475480857e-03 -3.263422502416771e-03
3.310299370836255e+01 1.582276339500204e-03 -3.331208001195777e-03
3.319418652849578e+01 1.276511920703726e-03 -3.369855890414502e-03
3.328537934862901e+01 9.685346827327156e-04 -3.379835670760771e-03
3.337657216876224e+01 6.609290530131564e-04 -3.361839187827544e-03
3.346776498889547e+01 3.562066674134826e-04 -3.316768960500873e-03
3.355895780902870e+01 5.678774474137867e-05 -3.245725097065165e-03
3.365015062916194e+01 -2.350162867046088e-04 -3.149990944406922e-03
3.374134344929517e+01 -5.170188018766690e-04 -3.031017622174886e-03
3.383253626942840e+01 -7.871725364502075e-04 -2.890407598808628e-03
3.392372908956163e+01 -1.043582608950374e-03 -2.729897469975619e-03
3.401492190969486e+01 -1.284517942207396e-03 -2.551340102167017e-03
3.410611472982809e+01 -1.508421033704698e-03 -2.356686305015039e-03
3.419730754996132e+01 -1.713916039284539e-03 -2.147966195341088e-03
3.428850037009455e+01 -1.899815149465403e-03 -1.927270414065784e-03
3.437969319022778e+01 -2.065123252185208e-03 -1.696731353961377e-03
3.447088601036101e+01 -2.209040890001089e-03 -1.458504551864789e-03
3.456207883049424e+01 -2.330965533542844e-03 -1.214750393464973e-03
3.465327165062747e+01 -2.430491206232231e-03 -9.676162722081069e-04
3.474446447076070e+01 -2.507406507850835e-03 -7.192193363118719e-04
3.483565729089393e+01 -2.561691096379613e-03 -4.716299494345973e-04
3.492685011102716e+01 -2.593510698566305e-03 -2.268559813002794e-04
3.501804293116039e+01 -2.603210729834095e-03 1.317196536594306e-05
3.510923575129362e+01 -2.591308613366997e-03 2.466142957848020e-04
3.520042857142685e+01 -2.558484896444039e-03 4.717350471913153e-04
3.529162139156008e+01 -2.505573269304903e-03 6.869133227041650e-04
3.538281421169331e+01 -2.433549597982874e-03 8.906534734068311e-04
3.547400703182654e+01 -2.343520087615065e-03 1.081593978969539e-03
3.556519985195977e+01 -2.236708696722439e-03 1.258514989144113e-03
3.565639267209300e+01 -2.114443925840166e-03 1.420344500451487e-03
3.574758549222623e+01 -1.978145105677986e-03 1.566163154256528e-03
3.583877831235946e+01 -1.829308310715272e-03 1.695207654093144e-03
3.592997113249269e+01 -1.669492023809260e-03 1.806872811474587e-03
3.602116395262592e+01 -1.500302676048414e-03 1.900712240414560e-03
3.611235677275915e+01 -1.323380183754547e-03 1.976437731414411e-03
3.620354959289238e+01 -1.140383601272614e-03 2.033917345666571e-03
3.629474241302561e+01 -9.529770040378720e-04 2.073172279616880e-03
3.638593523315884e+01 -7.628157114341890e-04 2.094372558757572e-03
3.647712805329207e+01 -5.715329532176505e-04 2.097831627534638e-03
3.656832087342530e+01 -3.807270768438310e-04 2.083999909501412e-03
3.665951369355853e+01 -1.919493859767201e-04 2.053457418295295e-03
3.675070651369176e+01 -6.692692846965753e-06 2.006905505625301e-03
3.684189933382499e+01 1.736193409558737e-04 1.945157837210519e-03
3.693309215395822e+01 3.476420091489890e-04 1.869130691487800e-03
3.702428497409145e+01 5.141184535618615e-04 1.779832678902509e-03
3.711547779422468e+01 6.718875967865793e-04 1.678353981708163e-03
3.720667061435791e+01 8.198910755532664e-04 1.565855215435679e-03
3.729786343449114e+01 9.571791449595263e-04 1.443556013564394e-03
3.738905625462437e+01 1.082915532926606e-03 1.312723436455206e-03
3.748024907475760e+01 1.196381233418319e-03 1.174660304318003e-03
3.757144189489083e+01 1.296977235968618e-03 1.030693551913656e-03
3.766263471502406e+01 1.384226197850308e-03 8.821626998736009e-04
3.775382753515729e+01 1.457773073714769e-03 7.304085340009019e-04
3.784502035529052e+01 1.517384725678747e-03 5.767620797435139e-04
3.793621317542375e+01 1.562948544572116e-03 4.225339542554624e-04
3.802740599555698e+01 1.594470120337503e-03 2.690041731402057e-04
3.811859881569021e+01 1.612070006341740e-03 1.174124831611198e-04
3.820979163582344e+01 1.615979628578392e-03 -3.105071403234243e-05
3.830098445595667e+01 1.606536396374166e-03 -1.752527887150376e-04
3.839217727608990e+01 1.584178076229365e-03 -3.141266088865109e-04
3.848337009622313e+01 1.549436494799362e-03 -4.466775206518819e-04
3.857456291635636e+01 1.502930640741723e-03 -5.719895460818659e-04
3.866575573648959e+01 1.445359238199451e-03 -6.892307688653117e-04
3.875694855662282e+01 1.377492867058104e-03 -7.976578855254835e-04
3.884814137675605e+01 1.300165706802054e-03 -8.966199074100841e-04
3.893933419688928e+01 1.214266981807512e-03 -9.855610060243508e-04
3.903052701702251e+01 1.120732186257035e-03 -1.064022501498383e-03
3.912171983715574e+01 1.020534166557113e-03 -1.131644001008761e-03
3.921291265728897e+01 9.146741382070986e-04 -1.188163700758133e-03
3.930410547742220e+01 8.041727125289221e-04 -1.233417871605844e-03
3.939529829755543e+01 6.900610065515071e-04 -1.267339554592531e-03
3.948649111768867e+01 5.733719066845505e-04 -1.289956498370759e-03
3.957768393782190e+01 4.551315536497584e-04 -1.301388375905018e-03
3.966887675795513e+01 3.363511125033668e-04 -1.301843322705194e-03
3.976006957808836e+01 2.180188875242195e-04 -1.291613843279869e-03
3.985126239822159e+01 1.010928373015792e-04 -1.271072136415971e-03
3.994245521835482e+01 -1.350645941713042e-05 -1.240664893290921e-03
4.003364803848805e+01 -1.249023416181637e-04 -1.200907625288389e-03
4.012484085862128e+01 -2.322680674486226e-04 -1.152378580710157e-03
4.021603367875451e+01 -3.348322444576643e-04 -1.095712311349881e-03
4.030722649888774e+01 -4.318836595501211e-04 -1.031592951119964e-03
4.039841931902097e+01 -5.227754852575141e-04 -9.607472696050901e-04
4.048961213915420e+01 -6.069288446758303e-04 -8.839375635642811e-04
4.058080495928743e+01 -6.838357231534843e-04 -8.019544490307452e-04
4.067199777942066e+01 -7.530612204898549e-04 -7.156096157825810e-04
4.076319059955389e+01 -8.142451429796532e-04 -6.257286045982814e-04
4.085438341968712e+01 -8.671029400681988e-04 -5.331436658932120e-04
4.094557623982035e+01 -9.114259956268542e-04 -4.386867560841643e-04
4.103676905995358e+01 -9.470812888783938e-04 -3.431827253787751e-04
4.112796188008681e+01 -9.740104447638749e-04 -2.474427476677198e-04
4.121915470022004e+01 -9.922281980135608e-04 -1.522580398447996e-04
4.131034752035327e+01 -1.001820299335842e-03 -5.839391422991135e-05
4.140154034048650e+01 -1.002940895944511e-03 3.341579613964658e-05
4.149273316061973e+01 -9.958094220842923e-04 1.224739037139571e-04
4.158392598075296e+01 -9.807070382688999e-04 2.081245928062052e-04
4.167511880088619e+01 -9.579726606005207e-04 2.897576792649711e-04
4.176631162101942e+01 -9.279986237834574e-04 3.668123811196143e-04
4.185750444115265e+01 -8.912260232704774e-04 4.387805824862802e-04
4.194869726128588e+01 -8.481397833844730e-04 5.052095776537945e-04
4.203989008141911e+01 -7.992634992402591e-04 5.657042868826858e-04
4.213108290155234e+01 -7.451541008550098e-04 6.199289400094536e-04
4.222227572168557e+01 -6.863963879876628e-04 6.676082284161379e-04
4.231346854181880e+01 -6.235974839974510e-04 7.085279302680751e-04
4.240466136195203e+01 -5.573812563724632e-04 7.425350181082403e-04
4.249585418208526e+01 -4.883827505664959e-04 7.695372618947223e-04
4.258704700221849e+01 -4.172426824148383e-04 7.895023443509178e-04
4.267823982235172e+01 -3.446020326977928e-04 8.024565090407754e-04
4.276943264248495e+01 -2.710967854076495e-04 8.084827648612780e-04
4.286062546261818e+01 -1.973528489753984e-04 8.077186736415305e-04
4.295181828275141e+01 -1.239811971542508e-04 8.003537502353492e-04
4.304301110288464e+01 -5.157326346604526e-05 7.866265068780970e-04
4.313420392301787e+01 1.930337987704219e-05 7.668211756375649e-04
4.322539674315110e+01 8.810903082935696e-05 7.412641445148437e-04
4.331658956328433e+01 1.543355297093854e-04 7.103201441391812e-04
4.340778238341756e+01 2.175095737197142e-04 6.743882230485090e-04
4.349897520355079e+01 2.771956562703291e-04 6.338975502552430e-04
4.359016802368402e+01 3.329986171348536e-04 5.893030841684787e-04
4.368136084381725e+01 3.845657930366948e-04 5.410811469848418e-04
4.377255366395048e+01 4.315887618184277e-04 4.897249433796183e-04
4.386374648408371e+01 4.738046768642649e-04 4.357400617383448e-04
4.395493930421694e+01 5.109971918943576e-04 3.796399952800570e-04
4.404613212435017e+01 5.429969796045157e-04 3.219417192521869e-04
4.413732494448340e+01 5.696818508607451e-04 2.631613589409043e-04
4.422851776461663e+01 5.909764842514815e-04 2.038099815584447e-04
4.431971058474986e+01 6.068517787300076e-04 1.443895431610989e-04
4.441090340488309e+01 6.173238448257180e-04 8.538901963979904e-05
4.450209622501632e+01 6.224526524480468e-04 2.728074853242720e-05
4.459328904514955e+01 6.223403556355918e-04 -2.948299404320117e-05
4.468448186528278e+01 6.171293167019897e-04 -8.447315961994609e-05
4.477567468541601e+01 6.069998540884196e-04 -1.372868177513065e-04
4.486686750554924e+01 5.921677398415042e-04 -1.875497542712870e-04
4.495806032568247e+01 5.728814739883837e-04 -2.349187640278100e-04
4.504925314581570e+01 5.494193641736622e-04 -2.790836275399190e-04
4.514044596594893e+01 5.220864397538479e-04 -3.197687639047412e-04
4.523163878608216e+01 4.912112301140721e-04 -3.567345551411971e-04
4.532283160621540e+01 4.571424372816760e-04 -3.897783399807233e-04
4.541402442634863e+01 4.202455329661722e-04 -4.187350778786763e-04
4.550521724648186e+01 3.808993099615251e-04 -4.434776867025916e-04
4.559641006661509e+01 3.394924174129618e-04 -4.639170601352680e-04
4.568760288674832e+01 2.964199087866444e-04 -4.800017732932912e-04
4.577879570688155e+01 2.520798304981614e-04 -4.917174873881310e-04
4.586998852701478e+01 2.068698780680658e-04 -4.990860664319376e-04
4.596118134714801e+01 1.611841453940414e-04 -5.021644209998917e-04
4.605237416728124e+01 1.154099912753685e-04 -5.010430958933911e-04
4.614356698741447e+01 6.992504571281848e-05 -4.958446201932731e-04
4.623475980754770e+01 2.509437675344109e-05 -4.867216396412137e-04
4.632595262768093e+01 -1.873216322689624e-05 -4.738548525338470e-04
4.641714544781416e+01 -6.122239489120657e-05 -4.574507713532342e-04
4.650833826794739e+01 -1.020640581133395e-04 -4.377393331861739e-04
4.659953108808062e+01 -1.409668342401999e-04 -4.149713826023420e-04
4.669072390821385e+01 -1.776641339089093e-04 -3.894160510680351e-04
4.678191672834708e+01 -2.119146420898376e-04 -3.613580571707073e-04
4.687310954848031e+01 -2.435036142414166e-04 -3.310949519235448e-04
4.696430236861354e+01 -2.722439196679798e-04 -2.989343332145650e-04
4.705549518874677e+01 -2.979768303497279e-04 -2.651910530682257e-04
4.714668800888000e+01 -3.205725556471889e-04 -2.301844408076831e-04
4.723788082901323e+01 -3.399305253549404e-04 -1.942355644523811e-04
4.732907364914646e+01 -3.559794255755383e-04 -1.576645517694264e-04
4.742026646927969e+01 -3.686769937902517e-04 -1.207879913301275e-04
4.751145928941292e+01 -3.780095813051519e-04 -8.391643271796155e-05
4.760265210954615e+01 -3.839914929373735e-04 -4.735200370469586e-05
4.769384492967938e+01 -3.866641153662643e-04 -1.138616077167990e-05
4.778503774981261e+01 -3.860948469982717e-04 2.370241218177614e-05
4.787623056994584e+01 -3.823758434747966e-04 5.764974371635833e-05
4.796742339007907e+01 -3.756225940822306e-04 9.020834177062611e-05
4.805861621021230e+01 -3.659723452978066e-04 1.211487778018640e-04
4.814980903034553e+01 -3.535823885199244e-04 1.502610800962304e-04
4.824100185047876e+01 -3.386282296848938e-04 1.773559299762274e-04
4.833219467061199e+01 -3.213016589625759e-04 2.022656564185482e-04
4.842338749074522e+01 -3.018087390515646e-04 2.248450263690013e-04
4.851458031087845e+01 -2.803677307620368e-04 2.449718297892355e-04
4.860577313101168e+01 -2.572069745841600e-04 2.625472601787513e-04
4.869696595114491e+01 -2.325627467961697e-04 2.774960929722457e-04
4.878815877127814e+01 -2.066771083742322e-04 2.897666658045199e-04
4.887935159141137e+01 -1.797957645323807e-04 2.993306661516737e-04
4.897054441154460e+01 -1.521659521525446e-04 3.061827332877196e-04
4.906173723167783e+01 -1.240343716702657e-04 3.103398828306836e-04
4.915293005181106e+01 -9.564517917020964e-05 3.118407633833361e-04
4.924412287194429e+01 -6.723805352684211e-05 3.107447558936329e-04
4.933531569207752e+01 -3.904635241008421e-05 3.071309273625627e-04
4.942650851221075e+01 -1.129536987431411e-05 3.010968514073322e-04
4.951770133234398e+01 1.579929292689950e-05 2.927573089417651e-04
4.960889415247721e+01 4.203323359681511e-05 2.822428828606694e-04
4.970008697261044e+01 6.721462190867236e-05 2.696984611091020e-04
4.979127979274367e+01 9.116543309135019e-05 2.552816628804033e-04
4.988247261287690e+01 1.137225346590116e-04 2.391612029191529e-04
4.997366543301013e+01 1.347386218276149e-04 2.215152090084386e-04

