# omega0=1, alpha=1
# theta0=0.5, theta_dot0=0
# t_start=0, t_end=50, h=0.00911928
#   t          x(t)                 v(t)       
0  5.000000000000000e-01  0.000000000000000e+00
9.119282013323059e-02 4.980669268756328e-01 -4.173510776192422e-02
1.823856402664613e-01 4.925075674089517e-01 -7.954126590185222e-02
2.735784603996920e-01 4.836768547213445e-01 -1.134953128541959e-01
3.647712805329227e-01 4.719218958682283e-01 -1.436915328770168e-01
4.559641006661534e-01 4.575805115017711e-01 -1.702389010682570e-01
5.471569207993838e-01 4.409799987263143e-01 -1.932589230525305e-01
6.383497409326140e-01 4.224360685379734e-01 -2.128839457499412e-01
7.295425610658441e-01 4.022519204579910e-01 -2.292558181892051e-01
8.207353811990743e-01 3.807174276107599e-01 -2.425247910030982e-01
9.119282013323045e-01 3.581084150210329e-01 -2.528485577322773e-01
1.003121021465535e+00 3.346860219620076e-01 -2.603913584457831e-01
1.094313841598765e+00 3.106961455876107e-01 -2.653230848719456e-01
1.185506661731995e+00 2.863689677713824e-01 -2.678183449100914e-01
1.276699481865225e+00 2.619185701018598e-01 -2.680554620010061e-01
1.367892301998455e+00 2.375426434870365e-01 -2.662154005510076e-01
1.459085122131685e+00 2.134222989992941e-01 -2.624806218431713e-01
1.550277942264916e+00 1.897219856912191e-01 -2.570338852713172e-01
1.641470762398146e+00 1.665895193985698e-01 -2.500570171582115e-01
1.732663582531376e+00 1.441562242894714e-01 -2.417296739286133e-01
1.823856402664606e+00 1.225371863753543e-01 -2.322281282294399e-01
1.915049222797836e+00 1.018316155987122e-01 -2.217241060840889e-01
2.006242042931067e+00 8.212331064765720e-02 -2.103837007846791e-01
2.097434863064297e+00 6.348121846646679e-02 -1.983663854572252e-01
2.188627683197527e+00 4.596007863851248e-02 -1.858241415751700e-01
2.279820503330757e+00 2.960114147296818e-02 -1.729007156076552e-01
2.371013323463987e+00 1.443294774984312e-02 -1.597310108717444e-01
2.462206143597217e+00 4.721576563300567e-04 -1.464406168366175e-01
2.553398963730448e+00 -1.227558355734334e-02 -1.331454738415996e-01
2.644591783863678e+00 -2.381475531888228e-02 -1.199516675932966e-01
2.735784603996908e+00 -3.415905833920072e-02 -1.069553449771298e-01
2.826977424130138e+00 -4.333050867817926e-02 -9.424274066626805e-02
2.918170244263368e+00 -5.135853884267877e-02 -8.189030269547547e-02
3.009363064396598e+00 -5.827911437495650e-02 -6.996490451065997e-02
3.100555884529828e+00 -6.413387324236139e-02 -5.852413090564688e-02
3.191748704663059e+00 -6.896929420403786e-02 -4.761662560383766e-02
3.282941524796289e+00 -7.283589924278988e-02 -3.728248892113327e-02
3.374134344929519e+00 -7.578749413567491e-02 -2.755371485192222e-02
3.465327165062749e+00 -7.788045031160311e-02 -1.845465795831120e-02
3.556519985195979e+00 -7.917303031663105e-02 -1.000252153556443e-02
3.647712805329209e+00 -7.972475847976514e-02 -2.207859611788211e-03
3.738905625462440e+00 -7.959583774101234e-02 4.924913628654230e-03
3.830098445595670e+00 -7.884661306272378e-02 1.139701246160283e-02
3.921291265728900e+00 -7.753708138636303e-02 1.721477089849807e-02
4.012484085862130e+00 -7.572644770996129e-02 2.238914050461530e-02
4.103676905995361e+00 -7.347272653673474e-02 2.693519801683319e-02
4.194869726128591e+00 -7.083238767309551e-02 3.087166549085774e-02
4.286062546261821e+00 -6.786004512592875e-02 3.422044526994034e-02
4.377255366395051e+00 -6.460818765704569e-02 3.700617170443393e-02
4.468448186528281e+00 -6.112694939095274e-02 3.925578124965720e-02
4.559641006661511e+00 -5.746391873559363e-02 4.099810231460478e-02
4.650833826794742e+00 -5.366398376082956e-02 4.226346601350949e-02
4.742026646927972e+00 -4.976921208348657e-02 4.308333877544788e-02
4.833219467061202e+00 -4.581876322906241e-02 4.348997758554438e-02
4.924412287194432e+00 -4.184883137757046e-02 4.351610845853462e-02
5.015605107327662e+00 -3.789261635390462e-02 4.319462857725609e-02
5.106797927460892e+00 -3.398032069124206e-02 4.255833236268281e-02
5.197990747594122e+00 -3.013917057919812e-02 4.163966157762049e-02
5.289183567727353e+00 -2.639345850656810e-02 4.047047940358354e-02
5.380376387860583e+00 -2.276460542130313e-02 3.908186827102450e-02
5.471569207993813e+00 -1.927124025749199e-02 3.750395106888864e-02
5.562762028127043e+00 -1.592929471999055e-02 3.576573521259614e-02
5.653954848260273e+00 -1.275211127118507e-02 3.389497891221362e-02
5.745147668393503e+00 -9.750562330232693e-03 3.191807885679358e-02
5.836340488526734e+00 -6.933178771855621e-03 2.985997841835404e-02
5.927533308659964e+00 -4.306285898101845e-03 2.774409538105705e-02
6.018726128793194e+00 -1.874145151050435e-03 2.559226811869479e-02
6.109918948926424e+00 3.609000641993774e-04 2.342471907702018e-02
6.201111769059654e+00 2.398275970208871e-03 2.126003436675475e-02
6.292304589192884e+00 4.239028834882529e-03 1.911515823787059e-02
6.383497409326115e+00 5.885675516329371e-03 1.700540118525366e-02
6.474690229459345e+00 7.342055320691375e-03 1.494446042913375e-02
6.565883049592575e+00 8.613184244310233e-03 1.294445151954328e-02
6.657075869725805e+00 9.705112558248083e-03 1.101594983125146e-02
6.748268689859035e+00 1.062478658185359e-02 9.168040742760059e-03
6.839461509992265e+00 1.137991538361755e-02 7.408377328675280e-03
6.930654330125495e+00 1.197884304271370e-02 5.743244437753342e-03
7.021847150258726e+00 1.243042700397380e-02 4.177628077882973e-03
7.113039970391956e+00 1.274392296309232e-02 2.715289083029476e-03
7.204232790525186e+00 1.292887662798177e-02 1.358840094636118e-03
7.295425610658416e+00 1.299502261669784e-02 1.098249501795329e-04
7.386618430791646e+00 1.295219067243274e-02 -1.031200366364098e-03
7.477811250924876e+00 1.281021930186885e-02 -2.064585994232456e-03
7.569004071058107e+00 1.257887687476188e-02 -2.991506404281722e-03
7.660196891191337e+00 1.226779015999464e-02 -3.813879201167130e-03
7.751389711324567e+00 1.188638021647287e-02 -4.534285111605252e-03
7.842582531457797e+00 1.144380550604356e-02 -5.155889689319034e-03
7.933775351591027e+00 1.094891204998920e-02 -5.682367206999847e-03
8.024968171724257e+00 1.041019041044311e-02 -6.117827147103054e-03
8.116160991857488e+00 9.835739243108710e-03 -6.466743646790066e-03
8.207353811990718e+00 9.233235137755504e-03 -6.733888198065751e-03
8.298546632123948e+00 8.609908437893951e-03 -6.924265852326225e-03
8.389739452257178e+00 7.972524710570019e-03 -7.043055129288002e-03
8.480932272390408e+00 7.327371521126859e-03 -7.095551783746876e-03
8.572125092523638e+00 6.680250155801776e-03 -7.087116539919348e-03
8.663317912656868e+00 6.036471926900148e-03 -7.023126862331791e-03
8.754510732790099e+00 5.400858690746010e-03 -6.908932794400512e-03
8.845703552923329e+00 4.777747207379698e-03 -6.749816861024299e-03
8.936896373056559e+00 4.170996972781532e-03 -6.550957999702742e-03
9.028089193189789e+00 3.584001158972797e-03 -6.317399455890597e-03
9.119282013323019e+00 3.019700304408069e-03 -6.054020552472102e-03
9.210474833456249e+00 2.480598406356947e-03 -5.765512220341507e-03
9.301667653589480e+00 1.968781078214285e-03 -5.456356157041490e-03
9.392860473722710e+00 1.485935447618566e-03 -5.130807463156635e-03
9.484053293855940e+00 1.033371485649040e-03 -4.792880591586983e-03
9.575246113989170e+00 6.120444729739309e-04 -4.446338432825562e-03
9.666438934122400e+00 2.225783254055725e-04 -4.094684349810473e-03
9.757631754255630e+00 -1.347104813335404e-04 -3.741156968683752e-03
9.848824574388860e+00 -4.597886299218016e-04 -3.388727526724956e-03
9.940017394522091e+00 -7.528815468384078e-04 -3.040099575690231e-03
1.003121021465532e+01 -1.014449060397363e-03 -2.697710837626150e-03
1.012240303478855e+01 -1.245161318468031e-03 -2.363737010788248e-03
1.021359585492178e+01 -1.445875134565712e-03 -2.040097325421910e-03
1.030478867505501e+01 -1.617610912886313e-03 -1.728461652704105e-03
1.039598149518824e+01 -1.761530285131388e-03 -1.430258974945802e-03
1.048717431532147e+01 -1.878914574731550e-03 -1.146687031067761e-03
1.057836713545470e+01 -1.971144187422484e-03 -8.787229582414222e-04
1.066955995558793e+01 -2.039679011139907e-03 -6.271347582917382e-04
1.076075277572116e+01 -2.086039892947234e-03 -3.924934258557251e-04
1.085194559585439e+01 -2.111791246249429e-03 -1.751855842511133e-04
1.094313841598762e+01 -2.118524827924555e-03 2.457351558724998e-05
1.103433123612085e+01 -2.107844712255787e-03 2.067267680136218e-04
1.112552405625408e+01 -2.081353476696439e-03 3.713618823762712e-04
1.121671687638731e+01 -2.040639603564329e-03 5.186980643992050e-04
1.130790969652054e+01 -1.987266091746901e-03 6.490728140082319e-04
1.139910251665377e+01 -1.922760263403789e-03 7.629289343087542e-04
1.149029533678700e+01 -1.848604742471127e-03 8.608018364884399e-04
1.158148815692023e+01 -1.766229574487024e-03 9.433072156773618e-04
1.167268097705346e+01 -1.677005450849881e-03 1.011129163311607e-03
1.176387379718669e+01 -1.582237995064998e-03 1.065008772366734e-03
1.185506661731992e+01 -1.483163063799985e-03 1.105733283000785e-03
1.194625943745315e+01 -1.380943011621949e-03 1.134125807711937e-03
1.203745225758638e+01 -1.276663865091842e-03 1.151035667106018e-03
1.212864507771961e+01 -1.171333349403900e-03 1.157329359810444e-03
1.221983789785284e+01 -1.065879708938487e-03 1.153882182984230e-03
1.231103071798607e+01 -9.611512619012763e-04 1.141570513273773e-03
1.240222353811930e+01 -8.579166286055389e-04 1.121264751960900e-03
1.249341635825254e+01 -7.568655728719036e-04 1.093822932448492e-03
1.258460917838577e+01 -6.586103964253418e-04 1.060084983130508e-03
1.267580199851900e+01 -5.636878270167110e-04 1.020867634094089e-03
1.276699481865223e+01 -4.725613422406225e-04 9.769599519947926e-04
1.285818763878546e+01 -3.856238726182728e-04 9.291194838214298e-04
1.294938045891869e+01 -3.032008294197833e-04 8.780689871114180e-04
1.304057327905192e+01 -2.255534048734825e-04 8.244937214751257e-04
1.313176609918515e+01 -1.528820948088940e-04 7.690392740204566e-04
1.322295891931838e+01 -8.533039636720277e-05 7.123098894169426e-04
1.331415173945161e+01 -2.298863615073042e-05 6.548672738804618e-04
1.340534455958484e+01 3.410211296340983e-05 5.972298412726447e-04
1.349653737971807e+01 8.594606518355886e-05 5.398723687693525e-04
1.358773019985130e+01 1.325887411864554e-04 4.832260291359620e-04
1.367892301998453e+01 1.741130063581770e-04 4.276787665286772e-04
1.377011584011776e+01 2.106351577167187e-04 3.735759828957111e-04
1.386130866025099e+01 2.423010863537919e-04 3.212215024548810e-04
1.395250148038422e+01 2.692825392944577e-04 2.708787823501175e-04
1.404369430051745e+01 2.917735018005743e-04 2.227723384141721e-04
1.413488712065068e+01 3.099867183547748e-04 1.770893559645305e-04
1.422607994078391e+01 3.241503678706818e-04 1.339814567110036e-04
1.431727276091714e+01 3.345049060951372e-04 9.356659413430079e-05
1.440846558105037e+01 3.413000857101675e-04 5.593105108363936e-05
1.449965840118360e+01 3.447921623151392e-04 2.113151481766288e-05
1.459085122131683e+01 3.452412922801631e-04 -1.080279374271522e-05
1.468204404145006e+01 3.429091264156428e-04 -3.986795818667074e-05
1.477323686158329e+01 3.380566015037239e-04 -6.608319222100093e-05
1.486442968171652e+01 3.309419299875297e-04 -8.948867107853606e-05
1.495562250184975e+01 3.218187865143726e-04 -1.101433854463166e-04
1.504681532198298e+01 3.109346885792155e-04 -1.281230329963481e-04
1.513800814211621e+01 2.985295672129880e-04 -1.435179609884778e-04
1.522920096224944e+01 2.848345225043590e-04 -1.564311718352974e-04
1.532039378238267e+01 2.700707577297063e-04 -1.669764019825822e-04
1.541158660251590e+01 2.544486849899792e-04 -1.752762829740612e-04
1.550277942264913e+01 2.381671945098630e-04 -1.814605921435598e-04
1.559397224278236e+01 2.214130791384560e-04 -1.856645990169568e-04
1.568516506291559e+01 2.043606050953772e-04 -1.880275122160716e-04
1.577635788304882e+01 1.871712196252432e-04 -1.886910304406752e-04
1.586755070318205e+01 1.699933859498271e-04 -1.877979999664650e-04
1.595874352331528e+01 1.529625357337798e-04 -1.854911800383487e-04
1.604993634344851e+01 1.362011291991845e-04 -1.819121165611800e-04
1.614112916358174e+01 1.198188130289856e-04 -1.772001235948731e-04
1.623232198371497e+01 1.039126662820013e-04 -1.714913713475359e-04
1.632351480384820e+01 8.856752469535197e-05 -1.649180786282458e-04
1.641470762398143e+01 7.385637396635169e-05 -1.576078070690597e-04
1.650590044411466e+01 5.984080287800897e-05 -1.496828538520178e-04
1.659709326424789e+01 4.657150745322675e-05 -1.412597391790109e-04
1.668828608438112e+01 3.408883768577778e-05 -1.324487842977662e-04
1.677947890451435e+01 2.242337879461178e-05 -1.233537755428530e-04
1.687067172464758e+01 1.159655937576610e-05 -1.140717095632127e-04
1.696186454478081e+01 1.621279277157124e-06 -1.046926146837188e-04
1.705305736491404e+01 -7.497449509786835e-06 -9.529944318392716e-05
1.714425018504727e+01 -1.576185516659247e-05 -8.596802916859355e-05
1.723544300518050e+01 -2.318075730864018e-05 -7.676710664771240e-05
1.732663582531373e+01 -2.976892243524170e-05 -6.775838243471196e-05
1.741782864544696e+01 -3.554642832324673e-05 -5.899665850593726e-05
1.750902146558019e+01 -4.053804163311182e-05 -5.052999853859178e-05
1.760021428571342e+01 -4.477261251934884e-05 -4.239993345385458e-05
1.769140710584665e+01 -4.828248957171208e-05 -3.464170093297681e-05
1.778259992597988e+01 -5.110295796208226e-05 -2.728451404292270e-05
1.787379274611311e+01 -5.327170323711296e-05 -2.035185430080005e-05
1.796498556624634e+01 -5.482830278033579e-05 -1.386178471931038e-05
1.805617838637957e+01 -5.581374657126863e-05 -7.827278605277552e-06
1.814737120651280e+01 -5.626998849451926e-05 -2.256560126692002e-06
1.823856402664603e+01 -5.623952910001859e-05 2.846547082478318e-06
1.832975684677927e+01 -5.576503038716896e-05 7.482266749134648e-06
1.842094966691250e+01 -5.488896288141348e-05 1.165451542287193e-05
1.851214248704573e+01 -5.365328499184062e-05 1.537054950774711e-05
1.860333530717896e+01 -5.209915438303181e-05 1.864061653068077e-05
1.869452812731219e+01 -5.026667086333312e-05 2.147761304710715e-05
1.878572094744542e+01 -4.819465008479554e-05 2.389675132253610e-05
1.887691376757865e+01 -4.592042716672575e-05 2.591523667258394e-05
1.896810658771188e+01 -4.347968919451606e-05 2.755195709529235e-05
1.905929940784511e+01 -4.090633540744572e-05 2.882718658951954e-05
1.915049222797834e+01 -3.823236377261640e-05 2.976230332300363e-05
1.924168504811157e+01 -3.548778254616093e-05 3.037952359433427e-05
1.933287786824480e+01 -3.270054534631984e-05 3.070165232532381e-05
1.942407068837803e+01 -2.989650820482645e-05 3.075185062478238e-05
1.951526350851126e+01 -2.709940702213615e-05 3.055342078195461e-05
1.960645632864449e+01 -2.433085382720183e-05 3.012960887821226e-05
1.969764914877772e+01 -2.161035023253028e-05 2.950342504922253e-05
1.978884196891095e+01 -1.895531647893802e-05 2.869748128681138e-05
1.988003478904418e+01 -1.638113448054089e-05 2.773384654008361e-05
1.997122760917741e+01 -1.390120330784648e-05 2.663391875891517e-05
2.006242042931064e+01 -1.152700558417959e-05 2.541831341946997e-05
2.015361324944387e+01 -9.268183316885397e-06 2.410676798060471e-05
2.024480606957710e+01 -7.132621738686026e-06 2.271806164152746e-05
2.033599888971033e+01 -5.126539795111630e-06 2.126994970441940e-05
2.042719170984356e+01 -3.254585980030140e-06 1.977911179041458e-05
2.051838452997679e+01 -1.519938291950843e-06 1.826111311280733e-05
2.060957735011002e+01 7.559284198158422e-08 1.673037797703701e-05
2.070077017024325e+01 1.531459750456650e-06 1.520017465226654e-05
2.079196299037648e+01 2.848271808313418e-06 1.368261074358632e-05
2.088315581050971e+01 4.027689750255721e-06 1.218863818638395e-05
2.097434863064294e+01 5.072320845362954e-06 1.072806698455905e-05
2.106554145077617e+01 5.985615689969088e-06 9.309586821365794e-06
2.115673427090940e+01 6.771767297599606e-06 7.940795685069458e-06
2.124792709104263e+01 7.435613087257709e-06 6.628234670652442e-06
2.133911991117586e+01 7.982540295922913e-06 5.377428142855863e-06
2.143031273130909e+01 8.418395268094222e-06 4.192928474268445e-06
2.152150555144232e+01 8.749397004947780e-06 3.078364604367724e-06
2.161269837157555e+01 8.982055288501916e-06 2.036493700795553e-06
2.170389119170878e+01 9.123093632355352e-06 1.069255242151952e-06
2.179508401184201e+01 9.179377250302326e-06 1.778268816880830e-07
2.188627683197524e+01 9.157846177599068e-06 -6.373185070308098e-07
2.197746965210847e+01 9.065453626983401e-06 -1.376355158607998e-06
2.206866247224170e+01 8.909109612815265e-06 -2.040046631059796e-06
2.215985529237493e+01 8.695629831954508e-06 -2.629688376659056e-06
2.225104811250816e+01 8.431689749231798e-06 -3.147051093527182e-06
2.234224093264139e+01 8.123783798574706e-06 -3.594325239867651e-06
2.243343375277462e+01 7.778189577970537e-06 -3.974067050214356e-06
2.252462657290785e+01 7.400936887400450e-06 -4.289146351558807e-06
2.261581939304108e+01 6.997781433562200e-06 -4.542696436962975e-06
2.270701221317431e+01 6.574183003487769e-06 -4.738066215470033e-06
2.279820503330754e+01 6.135287890915047e-06 -4.878774819973896e-06
2.288939785344077e+01 5.685915344332858e-06 -4.968468819352428e-06
2.298059067357400e+01 5.230547793816259e-06 -5.010882147732546e-06
2.307178349370723e+01 4.773324604924447e-06 -5.009798832336679e-06
2.316297631384046e+01 4.318039101859439e-06 -4.969018572032752e-06
2.325416913397369e+01 3.868138598586362e-06 -4.892325191524634e-06
2.334536195410692e+01 3.426727175499340e-06 -4.783457971106194e-06
2.343655477424015e+01 2.996570940281567e-06 -4.646085829069047e-06
2.352774759437338e+01 2.580105514655920e-06 -4.483784313193038e-06
2.361894041450661e+01 2.179445493556139e-06 -4.300015339234412e-06
2.371013323463984e+01 1.796395629674311e-06 -4.098109597919191e-06
2.380132605477307e+01 1.432463504168160e-06 -3.881251537595446e-06
2.389251887490630e+01 1.088873453357231e-06 -3.652466817332752e-06
2.398371169503953e+01 7.665815313224150e-07 -3.414612114805145e-06
2.407490451517276e+01 4.662912992776955e-07 -3.170367164671619e-06
2.416609733530600e+01 1.884702442436495e-07 -2.922228896284551e-06
2.425729015543923e+01 -6.663335823486925e-08 -2.672507534314623e-06
2.434848297557246e+01 -2.989733099646497e-07 -2.423324522179333e-06
2.443967579570569e+01 -5.086882443202977e-07 -2.176612125896190e-06
2.453086861583892e+01 -6.960844155109513e-07 -1.934114575044085e-06
2.462206143597215e+01 -8.616186565424043e-07 -1.697390597798737e-06
2.471325425610538e+01 -1.005881626531346e-06 -1.467817208402040e-06
2.480444707623861e+01 -1.129581455213948e-06 -1.246594607822479e-06
2.489563989637184e+01 -1.233527879936887e-06 -1.034752061658279e-06
2.498683271650507e+01 -1.318616958202088e-06 -8.331546234219611e-07
2.507802553663830e+01 -1.385816427024686e-06 -6.425105761232177e-07
2.516921835677153e+01 -1.436151769015372e-06 -4.633794704381071e-07
2.526041117690476e+01 -1.470693034263239e-06 -2.961806436222937e-07
2.535160399703799e+01 -1.490542456814770e-06 -1.412021096042488e-07
2.544279681717122e+01 -1.496822894851951e-06 1.390282704412302e-09
2.553398963730445e+01 -1.490667114593594e-06 1.315435190005908e-07
2.562518245743768e+01 -1.473207929497172e-06 2.493080061918344e-07
2.571637527757091e+01 -1.445569198536063e-06 3.548281580100284e-07
2.580756809770414e+01 -1.408857680174674e-06 4.483330544985111e-07
2.589876091783737e+01 -1.364155732161739e-06 5.301272431228883e-07
2.598995373797060e+01 -1.312514841405121e-06 6.005817422259460e-07
2.608114655810383e+01 -1.254949962969890e-06 6.601253006476118e-07
2.617233937823706e+01 -1.192434642641564e-06 7.092359606053287e-07
2.626353219837029e+01 -1.125896893500314e-06 7.484329644167446e-07
2.635472501850352e+01 -1.056215793538983e-06 7.782690393785262e-07
2.644591783863675e+01 -9.842187685040686e-07 7.993230891207974e-07
2.653711065876998e+01 -9.106795218183842e-07 8.121933140598982e-07
2.662830347890321e+01 -8.363165716288740e-07 8.174907781922034e-07
2.671949629903644e+01 -7.617923536833587e-07 8.158334344237393e-07
2.681068911916967e+01 -6.877128478451125e-07 8.078406159254410e-07
2.690188193930290e+01 -6.146276855723576e-07 7.941279966495963e-07
2.699307475943613e+01 -5.430306955889040e-07 7.753030201433111e-07
2.708426757956936e+01 -4.733608452198293e-07 7.519607921506130e-07
2.717546039970259e+01 -4.060035354299440e-07 7.246804292040144e-07
2.726665321983582e+01 -3.412922084507903e-07 6.940218524643246e-07
2.735784603996905e+01 -2.795102279825734e-07 6.605230134672143e-07
2.744903886010228e+01 -2.208929932799573e-07 6.246975361673473e-07
2.754023168023551e+01 -1.656302499452371e-07 5.870327577248376e-07
2.763142450036874e+01 -1.138685619302496e-07 5.479881488417763e-07
2.772261732050197e+01 -6.571391106195193e-08 5.079940931146892e-07
2.781381014063520e+01 -2.123439232964957e-08 4.674510038069438e-07
2.790500296076843e+01 1.953702482042813e-08 4.267287556473693e-07
2.799619578090166e+01 5.659969686844848e-08 3.861664087109889e-07
2.808738860103489e+01 8.998249385881739e-08 3.460722011176152e-07
2.817858142116812e+01 1.197409977411864e-07 3.067237871765855e-07
2.826977424130135e+01 1.459547327345116e-07 2.683686976934527e-07
2.836096706143458e+01 1.687244469214963e-07 2.312249994192851e-07
2.845215988156781e+01 1.881694621997621e-07 1.954821310478287e-07
2.854335270170104e+01 2.044251076804527e-07 1.613018937328356e-07
2.863454552183427e+01 2.176402496468960e-07 1.288195747904519e-07
2.872573834196750e+01 2.279749292761256e-07 9.814518405323920e-08
2.881693116210073e+01 2.355981174937191e-07 6.936478323730515e-08
2.890812398223396e+01 2.406855945853408e-07 4.254188965690350e-08
2.899931680236719e+01 2.434179605330275e-07 1.771893665720783e-08
2.909050962250042e+01 2.439787804857839e-07 -5.081225777990522e-09
2.918170244263365e+01 2.425528683163956e-07 -2.585380566412708e-08
2.927289526276688e+01 2.393247098622973e-07 -4.461053317231326e-08
2.936408808290011e+01 2.344770261996087e-07 -6.137812741668587e-08
2.945528090303334e+01 2.281894761567742e-07 -7.619677782121164e-08
2.954647372316657e+01 2.206374962374707e-07 -8.911865085728421e-08
2.963766654329980e+01 2.119912751905748e-07 -1.002064318013843e-07
2.972885936343303e+01 2.024148596362696e-07 -1.095319100429045e-07
2.982005218356626e+01 1.920653864294064e-07 -1.171746153828659e-07
2.991124500369950e+01 1.810924368110288e-07 -1.232205117107247e-07
3.000243782383273e+01 1.696375068629927e-07 -1.277607534340346e-07
3.009363064396596e+01 1.578335883349241e-07 -1.308905090688460e-07
3.018482346409919e+01 1.458048535530146e-07 -1.327078554811016e-07
3.027601628423242e+01 1.336664378417348e-07 -1.333127454039237e-07
3.036720910436565e+01 1.215243126875638e-07 -1.328060500448959e-07
3.045840192449888e+01 1.094752427432354e-07 -1.312886778429139e-07
3.054959474463211e+01 9.760681970660718e-08 -1.288607697369901e-07
3.064078756476534e+01 8.599756610479709e-08 -1.256209706701051e-07
3.073198038489857e+01 7.471710206643686e-08 -1.216657764698179e-07
3.082317320503180e+01 6.382636826747928e-08 -1.170889547234599e-07
3.091436602516503e+01 5.337789838377426e-08 -1.119810377984868e-07
3.100555884529826e+01 4.341613457147543e-08 -1.064288857467289e-07
3.109675166543149e+01 3.397777971927562e-08 -1.005153164733009e-07
3.118794448556472e+01 2.509218046966383e-08 -9.431880024495525e-08
3.127913730569795e+01 1.678173528520203e-08 -8.791321535659281e-08
3.137033012583118e+01 9.062322135788746e-09 -8.136766156615729e-08
3.146152294596441e+01 1.943740699782708e-09 -7.474632774475063e-08
3.155271576609764e+01 -4.569835698291188e-09 -6.810841006787784e-08
3.164390858623087e+01 -1.047940285168663e-08 -6.150807699252442e-08
3.173510140636410e+01 -1.579066723051859e-08 -5.499447722046847e-08
3.182629422649733e+01 -2.051359008225970e-08 -4.861178683796953e-08
3.191748704663056e+01 -2.466193747322121e-08 -4.239929184286977e-08
3.200867986676379e+01 -2.825283932710097e-08 -3.639150231931194e-08
3.209987268689702e+01 -3.130636017885684e-08 -3.061829459486429e-08
3.219106550703025e+01 -3.384508403219385e-08 -2.510507781204070e-08
3.228225832716348e+01 -3.589371538877303e-08 -1.987298146326942e-08
3.237345114729671e+01 -3.747869820855006e-08 -1.493906057263607e-08
3.246464396742994e+01 -3.862785426488299e-08 -1.031651535663939e-08
3.255583678756317e+01 -3.937004207643306e-08 -6.014922357292085e-09
3.264702960769640e+01 -3.973483733142375e-08 -2.040474211833950e-09
3.273822242782963e+01 -3.975223546931696e-08 1.603774598115866e-09
3.282941524796286e+01 -3.945237685100944e-08 4.917658491038979e-09
3.292060806809609e+01 -3.886529473166490e-08 7.903650309002913e-09
3.301180088822932e+01 -3.802068605052014e-08 1.056661171603277e-08
3.310299370836255e+01 -3.694770486952558e-08 1.291354637762837e-08
3.319418652849578e+01 -3.567477812744222e-08 1.495335763944978e-08
3.328537934862901e+01 -3.422944322782861e-08 1.669661223771841e-08
3.337657216876224e+01 -3.263820684790363e-08 1.815531139239862e-08
3.346776498889547e+01 -3.092642424014905e-08 1.934267045782891e-08
3.355895780902870e+01 -2.911819819921120e-08 2.027290813512019e-08
3.365015062916194e+01 -2.723629678258346e-08 2.096104608715786e-08
3.374134344929517e+01 -2.530208880404223e-08 2.142271964113348e-08
3.383253626942840e+01 -2.333549606314970e-08 2.167400011577002e-08
3.392372908956163e+01 -2.135496123156295e-08 2.173122917125460e-08
3.401492190969486e+01 -1.937743028659828e-08 2.161086544970986e-08
3.410611472982809e+01 -1.741834836366119e-08 2.132934365307097e-08
3.419730754996132e+01 -1.549166789091954e-08 2.090294609364807e-08
3.428850037009455e+01 -1.360986787110844e-08 2.034768665051206e-08
3.437969319022778e+01 -1.178398318575230e-08 1.967920697213359e-08
3.447088601036101e+01 -1.002364281551176e-08 1.891268468234419e-08
3.456207883049424e+01 -8.337115895968324e-09 1.806275327252357e-08
3.465327165062747e+01 -6.731364560115221e-09 1.714343329773399e-08
3.474446447076070e+01 -5.212102556324395e-09 1.616807443805754e-08
3.483565729089393e+01 -3.783858672823331e-09 1.514930793833358e-08
3.492685011102716e+01 -2.450044045992372e-09 1.409900889948943e-08
3.501804293116039e+01 -1.213022479365213e-09 1.302826786232492e-08
3.510923575129362e+01 -7.418295240147013e-11 1.194737109953796e-08
3.520042857142685e+01 9.659864477414580e-10 1.086578901352993e-08
3.529162139156008e+01 1.907823882681881e-09 9.792172025657812e-09
3.538281421169331e+01 2.752419062439664e-09 8.734353336641346e-09
3.547400703182654e+01 3.501539086492375e-09 7.699357937321989e-09
3.556519985195977e+01 4.157555368094342e-09 6.693417253433597e-09
3.565639267209300e+01 4.723372127861990e-09 5.721988817014714e-09
3.574758549222623e+01 5.202356887805327e-09 4.789780370104580e-09
3.583877831235946e+01 5.598273343515635e-09 3.900777822963847e-09
3.592997113249269e+01 5.915216940409795e-09 3.058276508802148e-09
3.602116395262592e+01 6.157553430049248e-09 2.264915199447360e-09
3.611235677275915e+01 6.329860634824446e-09 1.522712371141047e-09
3.620354959289238e+01 6.436873603915111e-09 8.331042362942384e-10
3.629474241302561e+01 6.483433300558535e-09 1.969840852103470e-10
3.638593523315884e+01 6.474438920405048e-09 -3.852574888791246e-10
3.647712805329207e+01 6.414803903202531e-09 -9.136918779498060e-10
3.656832087342530e+01 6.309415665291931e-09 -1.388811626284239e-09
3.665951369355853e+01 6.163099048447119e-09 -1.811489811409229e-09
3.675070651369176e+01 5.980583451463943e-09 -2.182939942858356e-09
3.684189933382499e+01 5.766473584580380e-09 -2.504676652139274e-09
3.693309215395822e+01 5.525223763257018e-09 -2.778477417173771e-09
3.702428497409145e+01 5.261115637010098e-09 -3.006345535059268e-09
3.711547779422468e+01 4.978239230797110e-09 -3.190474528446653e-09
3.720667061435791e+01 4.680477160821111e-09 -3.333214143292582e-09
3.729786343449114e+01 4.371491873446010e-09 -3.437038069354609e-09
3.738905625462437e+01 4.054715745091129e-09 -3.504513489664436e-09
3.748024907475760e+01 3.733343872380501e-09 -3.538272541428228e-09
3.757144189489083e+01 3.410329375334562e-09 -3.540985748434944e-09
3.766263471502406e+01 3.088381031877065e-09 -3.515337464157938e-09
3.775382753515729e+01 2.769963059252111e-09 -3.464003345349452e-09
3.784502035529052e+01 2.457296856966348e-09 -3.389629858074282e-09
3.793621317542375e+01 2.152364526449433e-09 -3.294815801816208e-09
3.802740599555698e+01 1.856913984621341e-09 -3.182095822513962e-09
3.811859881569021e+01 1.572465491828704e-09 -3.053925872126114e-09
3.820979163582344e+01 1.300319419026677e-09 -2.912670560559093e-09
3.830098445595667e+01 1.041565084503309e-09 -2.760592335483087e-09
3.839217727608990e+01 7.970904967393826e-10 -2.599842416661726e-09
3.848337009622313e+01 5.675928470417972e-10 -2.432453403881064e-09
3.857456291635636e+01 3.535896032615752e-10 -2.260333471322782e-09
3.866575573648959e+01 1.554300640928131e-10 -2.085262056222214e-09
3.875694855662282e+01 -2.669275796329546e-11 -1.908886945815548e-09
3.884814137675605e+01 -1.927300479981651e-10 -1.732722663841213e-09
3.893933419688928e+01 -3.427650083983743e-10 -1.558150056144017e-09
3.903052701702251e+01 -4.770006915877774e-10 -1.386416974161700e-09
3.912171983715574e+01 -5.957479413136327e-10 -1.218639955175565e-09
3.921291265728897e+01 -6.994135287950643e-10 -1.055806799103168e-09
3.930410547742220e+01 -7.884885609810830e-10 -8.987799432252718e-10
3.939529829755543e+01 -8.635372292713652e-10 -7.483005384959655e-10
3.948649111768867e+01 -9.251859583912448e-10 -6.049931339102152e-10
3.957768393782190e+01 -9.741130067314537e-10 -4.693708787250177e-10
3.966887675795513e+01 -1.011038561405159e-09 -3.418411560791893e-10
3.976006957808836e+01 -1.036715363575632e-09 -2.227115656656149e-10
3.985126239822159e+01 -1.051919892297323e-09 -1.121961775145209e-10
3.994245521835482e+01 -1.057444128215423e-09 -1.042198358621870e-11
4.003364803848805e+01 -1.054087912002944e-09 8.256452131053192e-11
4.012484085862128e+01 -1.042651906393686e-09 1.667906928166515e-10
4.021603367875451e+01 -1.023931165103202e-09 2.423510830637481e-10
4.030722649888774e+01 -9.987093068226013e-10 3.094008329409681e-10
4.039841931902097e+01 -9.677532878223139e-10 3.681491590420146e-10
4.048961213915420e+01 -9.318087625116590e-10 4.188529787714389e-10
4.058080495928743e+01 -8.915960175586922e-10 4.618107122023908e-10
4.067199777942066e+01 -8.478064618738775e-10 4.973562945104945e-10
4.076319059955389e+01 -8.010996518884578e-10 5.258534281878740e-10
4.085438341968712e+01 -7.521008290994782e-10 5.476900997914721e-10
4.094557623982035e+01 -7.013989447917215e-10 5.632733817211625e-10
4.103676905995358e+01 -6.495451451640909e-10 5.730245354728870e-10
4.112796188008681e+01 -5.970516887645552e-10 5.773744289841945e-10
4.121915470022004e+01 -5.443912671528692e-10 5.767592770950887e-10
4.131034752035327e+01 -4.919966990421895e-10 5.716167107942757e-10
4.140154034048650e+01 -4.402609677971348e-10 5.623821778152525e-10
4.149273316061973e+01 -3.895375720640857e-10 5.494856742913491e-10
4.158392598075296e+01 -3.401411594566888e-10 5.333488045746928e-10
4.167511880088619e+01 -2.923484135927712e-10 5.143821639698722e-10
4.176631162101942e+01 -2.463991653555073e-10 4.929830370257798e-10
4.185750444115265e+01 -2.024977000094068e-10 4.695334021639049e-10
4.194869726128588e+01 -1.608142327187071e-10 4.443982317919607e-10
4.203989008141911e+01 -1.214865260708894e-10 4.179240756505389e-10
4.213108290155234e+01 -8.462162438087396e-11 3.904379139587391e-10
4.222227572168557e+01 -5.029768082241770e-11 3.622462659526774e-10
4.231346854181880e+01 -1.856585478368011e-11 3.336345386378756e-10
4.240466136195203e+01 1.054774174380140e-11 3.048665999915634e-10
4.249585418208526e+01 3.704006847599469e-11 2.761845604421438e-10
4.258704700221849e+01 6.092917009318549e-11 2.478087462083795e-10
4.267823982235172e+01 8.225219518629269e-11 2.199378479878879e-10
4.276943264248495e+01 1.010634361317285e-10 1.927492285308049e-10
4.286062546261818e+01 1.174324036394061e-10 1.663993728074846e-10
4.295181828275141e+01 1.314419482451432e-10 1.410244647664288e-10
4.304301110288464e+01 1.431864395763017e-10 1.167410750680351e-10
4.313420392301787e+01 1.527700128168063e-10 9.364694465922953e-11
4.322539674315110e+01 1.603048904423702e-10 7.182184961194963e-11
4.331658956328433e+01 1.659097859954702e-10 5.132853327349882e-11
4.340778238341756e+01 1.697083954279712e-10 3.221369245818439e-11
4.349897520355079e+01 1.718279803619752e-10 1.450900513706099e-11
4.359016802368402e+01 1.723980465102003e-10 -1.767812153764629e-12
4.368136084381725e+01 1.715491194588658e-10 -1.661192817517170e-11
4.377255366395048e+01 1.694116190507276e-10 -3.003031229730072e-11
4.386374648408371e+01 1.661148327148869e-10 -4.204065062260564e-11
4.395493930421694e+01 1.617859872738789e-10 -5.267027145793419e-11
4.404613212435017e+01 1.565494180172904e-10 -6.195508785545131e-11
4.413732494448340e+01 1.505258331641249e-10 -6.993856413380179e-11
4.422851776461663e+01 1.438316712421515e-10 -7.667071249805441e-11
4.431971058474986e+01 1.365785483898978e-10 -8.220712510462220e-11
4.441090340488309e+01 1.288727921336978e-10 -8.660804616985926e-11
4.450209622501632e+01 1.208150578058470e-10 -8.993748800216398e-11
4.459328904514955e+01 1.125000234476825e-10 -9.226239415038805e-11
4.468448186528278e+01 1.040161587802703e-10 -9.365185220883979e-11
4.477567468541601e+01 9.544556362208843e-11 -9.417635820335634e-11
4.486686750554924e+01 8.686387098422439e-11 -9.390713390549079e-11
4.495806032568247e+01 7.834020997558937e-11 -9.291549788406258e-11
4.504925314581570e+01 6.993722359984185e-11 -9.127229060596604e-11
4.514044596594893e+01 6.171113651839566e-11 -8.904735344165017e-11
4.523163878608216e+01 5.371186788633076e-11 -8.630906101513634e-11
4.532283160621540e+01 4.598318443650546e-11 -8.312390596356015e-11
4.541402442634863e+01 3.856288908800251e-11 -7.955613483644483e-11
4.550521724648186e+01 3.148304048460585e-11 -7.566743356939839e-11
4.559641006661509e+01 2.477019902376891e-11 -7.151666070960154e-11
4.568760288674832e+01 1.844569511307146e-11 -6.715962635003204e-11
4.577879570688155e+01 1.252591558617214e-11 -6.264891454438976e-11
4.586998852701478e+01 7.022604420587406e-12 -5.803374682352359e-11
4.596118134714801e+01 1.943174122260561e-12 -5.335988431507170e-11
4.605237416728124e+01 -2.708975626015176e-12 -4.866956587915863e-11
4.614356698741447e+01 -6.934135216355888e-12 -4.400147961242039e-11
4.623475980754770e+01 -1.073596118855648e-11 -3.939076503836545e-11
4.632595262768093e+01 -1.412115379948836e-11 -3.486904329210432e-11
4.641714544781416e+01 -1.709913851965359e-11 -3.046447261975769e-11
4.650833826794739e+01 -1.968175364439063e-11 -2.620182654534220e-11
4.659953108808062e+01 -2.188294596800166e-11 -2.210259210861818e-11
4.669072390821385e+01 -2.371847623522214e-11 -1.818508564427350e-11
4.678191672834708e+01 -2.520563585736845e-11 -1.446458365396993e-11
4.687310954848031e+01 -2.636297616139389e-11 -1.095346641630527e-11
4.696430236861354e+01 -2.721005123000139e-11 -7.661372083823896e-12
4.705549518874677e+01 -2.776717519078475e-11 -4.595359129094805e-12
4.714668800888000e+01 -2.805519462282664e-11 -1.760075121904936e-12
4.723788082901323e+01 -2.809527657084912e-11 8.420700547895491e-13
4.732907364914646e+01 -2.790871249032992e-11 3.210728312832196e-12
4.742026646927969e+01 -2.751673829227490e-11 5.347436421056957e-12
4.751145928941292e+01 -2.694037051375940e-11 7.255439518214095e-12
4.760265210954615e+01 -2.620025850999284e-11 8.939516439131138e-12
4.769384492967938e+01 -2.531655244549276e-11 1.040580808345348e-11
4.778503774981261e+01 -2.430878675585183e-11 1.166164992499536e-11
4.787623056994584e+01 -2.319577865733603e-11 1.271540963114169e-11
4.796742339007907e+01 -2.199554119887889e-11 1.357633063665889e-11
4.805861621021230e+01 -2.072521027958334e-11 1.425438239538578e-11
4.814980903034553e+01 -1.940098499419984e-11 1.476011791717870e-11
4.824100185047876e+01 -1.803808061875500e-11 1.510453908668267e-11
4.833219467061199e+01 -1.665069350805772e-11 1.529897015541131e-11
4.842338749074522e+01 -1.525197714567277e-11 1.535493969957888e-11
4.851458031087845e+01 -1.385402856455906e-11 1.528407124339817e-11
4.860577313101168e+01 -1.246788434234018e-11 1.509798266132392e-11
4.869696595114491e+01 -1.110352536850651e-11 1.480819439310208e-11
4.878815877127814e+01 -9.769889581137645e-12 1.442604643253657e-11
4.887935159141137e+01 -8.474891877371155e-12 1.396262398460494e-11
4.897054441154460e+01 -7.225450414222819e-12 1.342869162588803e-11
4.906173723167783e+01 -6.027518533886450e-12 1.283463575012340e-11
4.915293005181106e+01 -4.886121569719775e-12 1.219041503390323e-11
4.924412287194429e+01 -3.805397815184782e-12 1.150551861693079e-11
4.933531569207752e+01 -2.788642967502137e-12 1.078893165660954e-11
4.942650851221075e+01 -1.838357390166512e-12 1.004910788782016e-11
4.951770133234398e+01 -9.562955732432983e-13 9.293948795274745e-12
4.960889415247721e+01 -1.435172070431415e-13 8.530788987535065e-12
4.970008697261044e+01 5.995606771082532e-13 7.766387348337969e-12
4.979127979274367e+01 1.273111006150133e-12 7.006923531970124e-12
4.988247261287690e+01 1.877843872007235e-12 6.257999364749854e-12
4.997366543301013e+01 2.414954073139728e-12 5.524644713876518e-12

